y_range =  124.0000000000
y_mu    =   45.8988764045
X_range = [  16.2700000000    28.9000000000   110.2000000000  1878.9000000000     0.0697300000     0.2653500000     0.4028200000     0.1808900000     0.1732000000     0.0321800000     1.6252000000     3.1409000000    11.9460000000   301.5100000000     0.0284630000     0.0932530000     0.1328600000     0.0340960000     0.0525280000     0.0114730000    22.2900000000    32.8700000000   147.1000000000  3389.0000000000     0.1406900000     1.0066900000     1.1460200000     0.2613100000     0.4209000000     0.1524600000     9.6000000000  ]
X_mu    = [  17.4705056180    22.2604494382   115.2441573034   975.6353932584     0.1027615169     0.1419130337     0.1567446067     0.0874095506     0.1923449438     0.0625750000     0.6102056180     1.2654106742     4.2958820225    71.2907303371     0.0068006517     0.0304182247     0.0404423596     0.0150149494     0.0201443933     0.0039465281    21.1320224719    30.0793820225   140.9760112360  1420.1780898876     0.1437144944     0.3570211236     0.4310150562     0.1784592697     0.3196674157     0.0901519101     2.7730337079  ]
