y_range =  122.0000000000
y_mu    =   46.8483146067
X_range = [  16.2700000000    28.9000000000   110.2000000000  1888.4000000000     0.0697300000     0.2653500000     0.4028200000     0.1808900000     0.1732000000     0.0471900000     1.6252000000     3.0273000000    12.1270000000   302.0100000000     0.0284630000     0.1280530000     0.1328600000     0.0340960000     0.0517480000     0.0114730000    22.2900000000    32.8700000000   147.1000000000  3394.9000000000     0.1406900000     1.0066900000     1.1460200000     0.2613100000     0.5073000000     0.1524600000     9.6000000000  ]
X_mu    = [  17.3978089888    22.3562921348   114.7185955056   970.0179775281     0.1027592697     0.1417461236     0.1554712360     0.0867182022     0.1929011236     0.0627023034     0.6036067416     1.2701297753     4.2531797753    70.0440449438     0.0067619551     0.0308333708     0.0407093258     0.0150761798     0.0205729888     0.0039730618    21.0019662921    30.2515730337   140.1930337079  1404.3483146067     0.1439180337     0.3617975281     0.4349696067     0.1785351124     0.3242157303     0.0906301685     2.8808988764  ]
