y_range =  124.0000000000
y_mu    =   45.5083798883
X_range = [  16.1400000000    27.3900000000   108.8000000000  1888.4000000000     0.0697300000     0.2653500000     0.4028200000     0.1781300000     0.1732000000     0.0471900000     1.6252000000     3.1409000000    12.1270000000   302.0100000000     0.0284630000     0.1280530000     0.1328600000     0.0340960000     0.0517480000     0.0114730000    21.8900000000    32.8700000000   147.1000000000  3394.9000000000     0.1406900000     0.8865900000     1.1460200000     0.2613100000     0.5073000000     0.1179600000     9.6000000000  ]
X_mu    = [  17.5104469274    22.4998882682   115.4910055866   981.2558659218     0.1025970391     0.1418479888     0.1559525698     0.0868467598     0.1915748603     0.0624959218     0.6071944134     1.2646558659     4.2709944134    70.9727932961     0.0066855978     0.0308582682     0.0403083240     0.0149264302     0.0200929162     0.0039030000    21.1742458101    30.3619553073   141.2915642458  1424.7156424581     0.1437698883     0.3636578771     0.4354005028     0.1788494413     0.3212156425     0.0902077095     2.8312849162  ]
