y_range =  124.0000000000
y_mu    =   47.0168539326
X_range = [  16.2700000000    28.9000000000   110.2000000000  1888.4000000000     0.0675300000     0.2600900000     0.3339200000     0.1682300000     0.1732000000     0.0471900000     1.5362000000     3.1409000000    10.4070000000   302.0100000000     0.0284630000     0.1280530000     0.1328600000     0.0339730000     0.0525280000     0.0114730000    22.2900000000    32.8700000000   147.1000000000  3394.9000000000     0.1406900000     1.0066900000     1.1460200000     0.2613100000     0.5073000000     0.1524600000     9.6000000000  ]
X_mu    = [  17.3261235955    22.2312921348   114.2864044944   960.2904494382     0.1026728090     0.1430765169     0.1545485393     0.0859452247     0.1921960674     0.0629176404     0.5952595506     1.2548561798     4.2100786517    68.9369101124     0.0067181517     0.0315348034     0.0404740449     0.0151973427     0.0201429888     0.0040485955    20.9510112360    30.1617415730   139.9057865169  1397.0089887640     0.1444747753     0.3727898876     0.4375836517     0.1795062921     0.3232202247     0.0920471910     2.8825842697  ]
