y_range =  122.0000000000
y_mu    =   44.7022471910
X_range = [  16.2700000000    27.3900000000   110.2000000000  1888.4000000000     0.0697300000     0.2653500000     0.4028200000     0.1808900000     0.1732000000     0.0470000000     1.6252000000     3.1409000000    12.1270000000   302.0100000000     0.0284630000     0.1280530000     0.1328600000     0.0340960000     0.0525280000     0.0114730000    22.2900000000    32.8700000000   147.1000000000  3394.9000000000     0.1287300000     1.0066900000     1.1460200000     0.2613100000     0.5073000000     0.1524600000     9.6000000000  ]
X_mu    = [  17.5134269663    22.3878089888   115.5676404494   981.7353932584     0.1033916292     0.1436600000     0.1602293820     0.0882523596     0.1926466292     0.0627488764     0.6035674157     1.2592342697     4.2408314607    70.5321348315     0.0068336966     0.0313342303     0.0412860674     0.0150865618     0.0201412303     0.0039835169    21.1641573034    30.2450000000   141.1683146067  1424.9443820225     0.1450644382     0.3649660674     0.4433689888     0.1807669663     0.3215848315     0.0906778652     2.8117977528  ]
