y_range =  124.0000000000
y_mu    =   46.8258426966
X_range = [  16.2700000000    28.9000000000   110.2000000000  1888.4000000000     0.0697300000     0.2653500000     0.4028200000     0.1808900000     0.1732000000     0.0471900000     1.6252000000     3.1409000000    12.1270000000   302.0100000000     0.0284630000     0.1280530000     0.1328600000     0.0340960000     0.0525280000     0.0114730000    22.2900000000    32.8700000000   147.1000000000  3394.9000000000     0.1406900000     0.8865900000     1.1460200000     0.2613100000     0.5073000000     0.1179600000     9.6000000000  ]
X_mu    = [  17.4555056180    22.0432022472   115.1455617978   975.6808988764     0.1027194944     0.1421959551     0.1572837640     0.0874811236     0.1935724719     0.0627552247     0.6015567416     1.2422460674     4.2401797753    70.3520786517     0.0067197809     0.0307364270     0.0405528090     0.0149135337     0.0206120337     0.0039498483    21.0870224719    29.8663483146   140.8629775281  1414.5651685393     0.1439588764     0.3594132584     0.4354701124     0.1790823034     0.3258904494     0.0903739326     2.8651685393  ]
