y_range =  124.0000000000
y_mu    =   46.6853932584
X_range = [  16.1400000000    28.9000000000   108.8000000000  1888.4000000000     0.0675300000     0.2653500000     0.3339200000     0.1682300000     0.1732000000     0.0471900000     1.6252000000     3.1409000000    12.1270000000   302.0100000000     0.0284630000     0.1280530000     0.1328600000     0.0340960000     0.0525280000     0.0114730000    21.8900000000    32.8700000000   147.1000000000  3394.9000000000     0.1364900000     1.0066900000     1.1460200000     0.2613100000     0.5073000000     0.1524600000     9.6000000000  ]
X_mu    = [  17.5921348315    22.3305056180   116.0725842697   988.5101123596     0.1021974719     0.1437655056     0.1576951685     0.0880046629     0.1926573034     0.0625307865     0.6105471910     1.2600365169     4.3114157303    71.4807303371     0.0066899607     0.0314444944     0.0409147753     0.0153808539     0.0206955730     0.0039873539    21.2139325843    30.0649438202   141.5940449438  1430.2730337079     0.1426303933     0.3658885393     0.4365718539     0.1805407303     0.3230050562     0.0904470225     2.8601123596  ]
