y_range =  124.0000000000
y_mu    =   47.6460674157
X_range = [  16.2700000000    28.9000000000   110.2000000000  1888.4000000000     0.0697300000     0.2653500000     0.4028200000     0.1808900000     0.1732000000     0.0321800000     1.6252000000     3.1409000000    12.1270000000   302.0100000000     0.0284630000     0.1280530000     0.1328600000     0.0340960000     0.0525280000     0.0114730000    22.2900000000    32.8700000000   144.9800000000  3394.9000000000     0.1406900000     1.0066900000     1.1460200000     0.2613100000     0.4209000000     0.1524600000     9.6000000000  ]
X_mu    = [  17.4996067416    22.2182022472   115.4029775281   978.3247191011     0.1028356180     0.1427703371     0.1577357303     0.0877065169     0.1936331461     0.0626429213     0.6043500000     1.2586247191     4.2488483146    70.7395505618     0.0067503034     0.0310005618     0.0408956180     0.0151411180     0.0205279326     0.0039689888    21.1094382022    30.1219101124   140.8443258427  1413.7505617978     0.1441343258     0.3639933708     0.4390752247     0.1798525281     0.3252915730     0.0906282022     2.8067415730  ]
