y_range =  124.0000000000
y_mu    =   47.6685393258
X_range = [  16.2700000000    28.9000000000   110.2000000000  1888.4000000000     0.0697300000     0.2653500000     0.4028200000     0.1808900000     0.1732000000     0.0471900000     1.6252000000     3.1409000000    12.1270000000   302.0100000000     0.0284630000     0.1280530000     0.1328600000     0.0339730000     0.0525280000     0.0114730000    22.2900000000    32.8700000000   147.1000000000  3394.9000000000     0.1406900000     1.0066900000     1.1460200000     0.2613100000     0.5073000000     0.1524600000     9.6000000000  ]
X_mu    = [  17.2565730337    22.1635955056   113.8331460674   954.7157303371     0.1026859551     0.1422164045     0.1542211798     0.0853332022     0.1923129213     0.0628610674     0.5872747191     1.2530612360     4.1359101124    68.0178089888     0.0067915618     0.0313168483     0.0402048315     0.0148267865     0.0204031011     0.0039891461    20.8519662921    30.1100561798   139.1098876404  1385.2859550562     0.1447605618     0.3704183146     0.4378543820     0.1780009551     0.3250898876     0.0916463483     2.8410112360  ]
