y_range =  124.0000000000
y_mu    =   47.6404494382
X_range = [  16.2700000000    28.9000000000   110.2000000000  1888.4000000000     0.0697300000     0.2653500000     0.4028200000     0.1808900000     0.1347000000     0.0471900000     1.6252000000     3.0541000000    12.1270000000   302.0100000000     0.0284630000     0.1280530000     0.1328600000     0.0340960000     0.0525280000     0.0114730000    22.2900000000    32.8700000000   147.1000000000  3394.9000000000     0.1406900000     1.0066900000     1.1460200000     0.2613100000     0.5073000000     0.1524600000     9.6000000000  ]
X_mu    = [  17.3480898876    22.3058426966   114.4410112360   962.6224719101     0.1028388764     0.1428366854     0.1566174719     0.0866345506     0.1918769663     0.0627390449     0.5985539326     1.2681308989     4.2335224719    69.5978089888     0.0067614270     0.0313991011     0.0406142135     0.0150758876     0.0204572584     0.0039964382    20.8885955056    30.1968539326   139.5569101124  1386.7286516854     0.1439876966     0.3669385393     0.4373594944     0.1783311798     0.3217460674     0.0909670225     2.8247191011  ]
