y_range =  122.0000000000
y_mu    =   46.4213483146
X_range = [  16.2700000000    28.9000000000   110.2000000000  1888.4000000000     0.0697300000     0.2353900000     0.4028200000     0.1781300000     0.1732000000     0.0471900000     1.6252000000     2.7579000000    12.1270000000   302.0100000000     0.0284630000     0.1280530000     0.1328600000     0.0340960000     0.0525280000     0.0114730000    22.2900000000    32.8700000000   147.1000000000  3394.9000000000     0.1406900000     1.0066900000     1.1460200000     0.2613100000     0.5073000000     0.1524600000     9.6000000000  ]
X_mu    = [  17.4297752809    22.2345505618   114.9798876404   972.6713483146     0.1024630337     0.1424375843     0.1548003933     0.0866228090     0.1921550562     0.0627433708     0.6001668539     1.2589825843     4.2349831461    70.3644943820     0.0067297079     0.0314512921     0.0403372472     0.0150250056     0.0204080449     0.0040189213    21.0590449438    30.1475842697   140.5289887640  1410.0292134831     0.1438562360     0.3676612360     0.4355465730     0.1785584270     0.3238303371     0.0910548876     2.8921348315  ]
