y_range =  124.0000000000
y_mu    =   46.4101123596
X_range = [  16.2700000000    28.9000000000   110.2000000000  1888.4000000000     0.0675300000     0.2600900000     0.3339200000     0.1709900000     0.1732000000     0.0471900000     1.6252000000     3.1409000000    12.1270000000   302.0100000000     0.0284630000     0.1280530000     0.1328600000     0.0340960000     0.0517480000     0.0114730000    22.2900000000    32.8700000000   147.1000000000  3394.9000000000     0.1298700000     1.0066900000     1.1460200000     0.2613100000     0.5073000000     0.1524600000     9.6000000000  ]
X_mu    = [  17.2995505618    22.3916853933   114.1344382022   958.8196629213     0.1028153933     0.1427169663     0.1560761236     0.0862247753     0.1919662921     0.0628497191     0.5969061798     1.2708056180     4.2100955056    68.9915168539     0.0067029382     0.0313616854     0.0408989326     0.0151750562     0.0201551629     0.0040042697    20.9372471910    30.3583146067   139.7756179775  1396.5556179775     0.1444870787     0.3701421348     0.4431976966     0.1794591011     0.3222460674     0.0915162921     2.7668539326  ]
