y_range =  124.0000000000
y_mu    =   46.3483146067
X_range = [  16.2700000000    28.9000000000   110.2000000000  1888.4000000000     0.0697300000     0.2653500000     0.4028200000     0.1808900000     0.1732000000     0.0471900000     1.6252000000     3.1409000000    11.9460000000   302.0100000000     0.0284630000     0.1280530000     0.1328600000     0.0340960000     0.0525280000     0.0114730000    22.2900000000    32.8700000000   147.1000000000  3394.9000000000     0.1406900000     1.0066900000     1.1460200000     0.2613100000     0.5073000000     0.1524600000     9.6000000000  ]
X_mu    = [  17.3629775281    22.2697752809   114.5516853933   964.3477528090     0.1024958427     0.1435761236     0.1556698315     0.0865453371     0.1931500000     0.0628094944     0.6068803371     1.2714089888     4.2883033708    70.0038764045     0.0068263202     0.0318508989     0.0412240449     0.0153031742     0.0210572022     0.0040376517    20.8852808989    29.9905056180   139.4444943820  1383.4589887640     0.1433309551     0.3676941573     0.4359937640     0.1781889888     0.3245977528     0.0907993820     2.8859550562  ]
