y_range =  124.0000000000
y_mu    =   47.9719101124
X_range = [  16.2700000000    28.9000000000   110.2000000000  1888.4000000000     0.0697300000     0.2653500000     0.4028200000     0.1808900000     0.1732000000     0.0471900000     1.6252000000     3.1409000000    12.1270000000   239.8100000000     0.0284630000     0.1280530000     0.1328600000     0.0340960000     0.0525280000     0.0114730000    20.2800000000    32.8700000000   133.5800000000  2923.9000000000     0.1406900000     1.0066900000     1.1460200000     0.2443100000     0.5073000000     0.1524600000     9.6000000000  ]
X_mu    = [  17.2521910112    22.3898876404   113.8469662921   951.1331460674     0.1027843258     0.1439270225     0.1566189326     0.0857889888     0.1938483146     0.0630333708     0.5879089888     1.2675893258     4.1671123596    67.3701685393     0.0068590787     0.0321274382     0.0415638764     0.0150311348     0.0210063034     0.0040446461    20.7989325843    30.3323033708   139.0840449438  1371.5404494382     0.1446908989     0.3734388764     0.4433701124     0.1788278090     0.3278814607     0.0917648876     2.7831460674  ]
