y_range =  124.0000000000
y_mu    =   45.2752808989
X_range = [  16.2700000000    28.9000000000   110.2000000000  1878.9000000000     0.0697300000     0.2653500000     0.3999500000     0.1808900000     0.1732000000     0.0470000000     1.6252000000     3.0541000000    12.1270000000   301.5100000000     0.0284630000     0.1280530000     0.1328600000     0.0340960000     0.0506270000     0.0114730000    22.2900000000    32.8700000000   147.1000000000  3389.0000000000     0.1406900000     0.9782600000     1.1088000000     0.2245500000     0.5035000000     0.1510600000     9.6000000000  ]
X_mu    = [  17.5375842697    22.2947191011   115.7563483146   983.8455056180     0.1027961798     0.1440649438     0.1590138202     0.0883798315     0.1927825843     0.0626805056     0.6121640449     1.2700764045     4.3300112360    72.0498876404     0.0067742022     0.0318056629     0.0415075281     0.0152901348     0.0205873034     0.0040460730    21.2045505618    30.1281460674   141.7329213483  1428.6191011236     0.1435755056     0.3655682584     0.4391230899     0.1803110112     0.3217016854     0.0905906180     2.8932584270  ]
