y_range =  124.0000000000
y_mu    =   46.9269662921
X_range = [  16.1400000000    28.9000000000   108.8000000000  1888.4000000000     0.0697300000     0.2653500000     0.4028200000     0.1808900000     0.1732000000     0.0471900000     1.6252000000     3.1409000000    11.9460000000   302.0100000000     0.0284630000     0.1269780000     0.1327900000     0.0340960000     0.0525280000     0.0114730000    21.8900000000    32.8700000000   147.1000000000  3394.9000000000     0.1406900000     1.0066900000     1.1460200000     0.2613100000     0.5073000000     0.1524600000     9.6000000000  ]
X_mu    = [  17.4273595506    22.2511797753   114.9844382022   972.1101123596     0.1025185955     0.1438013483     0.1567423034     0.0869587079     0.1928303371     0.0627944944     0.6113786517     1.2659915730     4.3135168539    71.4183146067     0.0067539719     0.0315017584     0.0406775843     0.0151476461     0.0205852921     0.0040059494    21.1016853933    30.1565168539   140.8805617978  1416.7988764045     0.1435888202     0.3715298315     0.4385403933     0.1796658989     0.3248668539     0.0912946629     2.8191011236  ]
