y_range =  124.0000000000
y_mu    =   47.2471910112
X_range = [  14.6500000000    28.9000000000   100.9000000000  1648.4000000000     0.0697300000     0.2653500000     0.4028200000     0.1808900000     0.1732000000     0.0471900000     1.6252000000     3.1409000000    12.1270000000   302.0100000000     0.0284630000     0.1280530000     0.1328600000     0.0340960000     0.0525280000     0.0114730000    21.8900000000    32.8700000000   147.1000000000  3394.9000000000     0.1406900000     1.0066900000     1.1460200000     0.2613100000     0.5073000000     0.1524600000     9.6000000000  ]
X_mu    = [  17.4585393258    22.2591011236   115.1649438202   973.6949438202     0.1024173596     0.1428804494     0.1566249438     0.0866315169     0.1934292135     0.0625528090     0.6119500000     1.2523067416     4.3091741573    71.5682584270     0.0067571966     0.0311335393     0.0411242697     0.0152320449     0.0206890000     0.0039671236    21.0705617978    29.9562921348   140.7524719101  1409.7196629213     0.1430472472     0.3641301124     0.4359179213     0.1785008427     0.3238005618     0.0904025281     2.8617977528  ]
