y_range =  122.0000000000
y_mu    =   47.0898876404
X_range = [  16.2700000000    28.9000000000   110.2000000000  1888.4000000000     0.0697300000     0.2653500000     0.4028200000     0.1808900000     0.1732000000     0.0471900000     1.6252000000     3.1409000000    12.1270000000   239.8100000000     0.0284630000     0.1280530000     0.1328600000     0.0340960000     0.0525280000     0.0114730000    20.2900000000    32.8700000000   144.2000000000  2923.9000000000     0.1406900000     1.0066900000     1.1460200000     0.2613100000     0.5073000000     0.1524600000     9.6000000000  ]
X_mu    = [  17.2741573034    22.3463483146   113.9025280899   953.8196629213     0.1025962360     0.1414801124     0.1537121348     0.0850134270     0.1928056180     0.0628160112     0.5929331461     1.2788752809     4.1768820225    68.1693820225     0.0068242753     0.0311817416     0.0406416854     0.0149981011     0.0203578202     0.0040086573    20.8089325843    30.2894382022   138.7941573034  1374.0280898876     0.1438893820     0.3641464045     0.4328297191     0.1767716292     0.3227589888     0.0910950000     2.8752808989  ]
