y_range =  124.0000000000
y_mu    =   46.2359550562
X_range = [  14.7800000000    28.9000000000   102.3000000000  1648.4000000000     0.0697300000     0.2653500000     0.4028200000     0.1808900000     0.1370000000     0.0321800000     1.6131000000     3.1409000000    12.1270000000   302.0100000000     0.0284630000     0.1280530000     0.1328600000     0.0339730000     0.0483980000     0.0114730000    22.2900000000    32.8700000000   147.1000000000  3394.9000000000     0.1406900000     1.0066900000     1.1460200000     0.2613100000     0.4209000000     0.1524600000     9.6000000000  ]
X_mu    = [  17.3994382022    22.3952808989   114.7399438202   968.6314606742     0.1025625843     0.1414030337     0.1553391573     0.0860179213     0.1922977528     0.0625748315     0.6049511236     1.2758067416     4.2593932584    70.6596629213     0.0068120562     0.0309758146     0.0407463483     0.0150696798     0.0203064157     0.0039624494    21.0106741573    30.2896067416   140.2387078652  1406.1511235955     0.1437376966     0.3608598876     0.4333302809     0.1774076966     0.3208241573     0.0903859551     2.8764044944  ]
