y_range =  124.0000000000
y_mu    =   47.2696629213
X_range = [  16.2700000000    28.9000000000   110.2000000000  1888.4000000000     0.0697300000     0.2653500000     0.4028200000     0.1808900000     0.1732000000     0.0471900000     1.6252000000     3.1409000000    12.1270000000   302.0100000000     0.0284630000     0.1280530000     0.1328600000     0.0340960000     0.0517480000     0.0114730000    22.2900000000    32.5000000000   147.1000000000  3394.9000000000     0.1406900000     1.0066900000     1.0810200000     0.2613100000     0.5073000000     0.1524600000     9.6000000000  ]
X_mu    = [  17.3640449438    22.4259550562   114.5220224719   965.2224719101     0.1025593258     0.1419051685     0.1546960674     0.0860727528     0.1918578652     0.0626214607     0.5953831461     1.2737438202     4.2012921348    69.3195505618     0.0067292022     0.0307573596     0.0400415169     0.0147968090     0.0200999551     0.0039173034    20.9724157303    30.3671348315   139.9923033708  1399.8286516854     0.1439966854     0.3630570787     0.4330044382     0.1771042135     0.3220932584     0.0905246629     2.8078651685  ]
