y_range =  124.0000000000
y_mu    =   47.5730337079
X_range = [  16.2700000000    28.9000000000   110.2000000000  1888.4000000000     0.0697300000     0.2406500000     0.4028200000     0.1808900000     0.1732000000     0.0471900000     1.6252000000     2.7579000000    12.1270000000   302.0100000000     0.0284630000     0.1280530000     0.1328600000     0.0340960000     0.0525280000     0.0114730000    22.2900000000    32.5000000000   147.1000000000  3394.9000000000     0.1406900000     1.0066900000     1.1460200000     0.2613100000     0.5073000000     0.1524600000     9.6000000000  ]
X_mu    = [  17.1530337079    22.3142134831   113.0646629213   941.9887640449     0.1026860674     0.1402740449     0.1508396629     0.0841949438     0.1917646067     0.0626723596     0.5852415730     1.2401960674     4.1255955056    67.4273033708     0.0067337191     0.0309760674     0.0398857865     0.0147743764     0.0204713596     0.0039396124    20.7388764045    30.2787640449   138.3722471910  1369.2803370787     0.1448169101     0.3664093258     0.4336926404     0.1766530899     0.3237292135     0.0911647753     2.8814606742  ]
