y_range =  124.0000000000
y_mu    =   48.1910112360
X_range = [  14.7800000000    23.4900000000   102.3000000000  1648.4000000000     0.0697300000     0.2653500000     0.4028200000     0.1781300000     0.1732000000     0.0471900000     1.6252000000     3.1409000000    12.1270000000   302.0100000000     0.0284630000     0.1280530000     0.1328600000     0.0340960000     0.0525280000     0.0114730000    22.2900000000    32.8700000000   147.1000000000  3394.9000000000     0.1406900000     1.0066900000     1.1460200000     0.2613100000     0.5073000000     0.1524600000     9.6000000000  ]
X_mu    = [  17.3262921348    22.1355056180   114.2673595506   961.0134831461     0.1027461798     0.1429674719     0.1551110674     0.0861525843     0.1929797753     0.0628218539     0.6015292135     1.2647859551     4.2434943820    69.8953932584     0.0068161573     0.0316388764     0.0408025281     0.0151844607     0.0207614719     0.0040389326    20.9173595506    29.9805056180   139.5857303371  1393.0769662921     0.1440393820     0.3669733708     0.4351409551     0.1782109551     0.3241634831     0.0912331461     2.8500000000  ]
