y_range =  124.0000000000
y_mu    =   46.1741573034
X_range = [  16.2700000000    28.9000000000   110.2000000000  1888.4000000000     0.0675300000     0.2653500000     0.3339200000     0.1709900000     0.1732000000     0.0471900000     1.6252000000     3.1409000000    11.9460000000   302.0100000000     0.0284630000     0.1280530000     0.1328600000     0.0339730000     0.0525280000     0.0112740000    22.2900000000    32.8700000000   147.1000000000  3394.9000000000     0.1406900000     1.0066900000     1.1460200000     0.2613100000     0.5073000000     0.1524600000     9.6000000000  ]
X_mu    = [  17.4286516854    22.3871348315   114.9823595506   973.0943820225     0.1024402809     0.1428597191     0.1553603371     0.0864373034     0.1923719101     0.0627046629     0.6039174157     1.2695662921     4.2815674157    70.4013483146     0.0066710393     0.0310806404     0.0403365730     0.0151101404     0.0207005730     0.0039619944    21.0820786517    30.3246629213   140.8773033708  1416.0831460674     0.1433837640     0.3681244944     0.4360954494     0.1786571348     0.3243061798     0.0909983146     2.8752808989  ]
