y_range =  124.0000000000
y_mu    =   47.1629213483
X_range = [  16.2700000000    28.9000000000   110.2000000000  1888.4000000000     0.0697300000     0.2653500000     0.4028200000     0.1808900000     0.1370000000     0.0471900000     1.6252000000     3.1409000000    12.1270000000   302.0100000000     0.0284630000     0.1280530000     0.1328600000     0.0340960000     0.0525280000     0.0114730000    22.2900000000    32.8700000000   147.1000000000  3394.9000000000     0.1406900000     1.0066900000     1.1460200000     0.2466100000     0.5073000000     0.1524600000     9.6000000000  ]
X_mu    = [  17.4220786517    22.2456741573   114.8791011236   972.0140449438     0.1023810674     0.1413526404     0.1551410112     0.0861883146     0.1924887640     0.0625302809     0.6068241573     1.2688140449     4.2777303371    70.8969662921     0.0068013652     0.0313453371     0.0409196067     0.0151524775     0.0208783258     0.0039771685    21.0263483146    30.0680337079   140.3138202247  1407.4848314607     0.1433185955     0.3634464045     0.4344651124     0.1777570225     0.3244404494     0.0903902247     2.8904494382  ]
