y_range =  124.0000000000
y_mu    =   46.6966292135
X_range = [  16.2700000000    27.3900000000   110.2000000000  1888.4000000000     0.0697300000     0.2353900000     0.4028200000     0.1808900000     0.1732000000     0.0471900000     1.6136000000     3.1409000000    12.1270000000   239.8100000000     0.0284630000     0.0932530000     0.1328600000     0.0340960000     0.0525280000     0.0114730000    20.2900000000    32.8700000000   144.2000000000  2923.9000000000     0.1406900000     1.0066900000     1.1460200000     0.2613100000     0.5073000000     0.1524600000     9.6000000000  ]
X_mu    = [  17.3089325843    22.2504494382   114.1344943820   958.5196629213     0.1025680337     0.1410590449     0.1536565169     0.0857891011     0.1915264045     0.0625668539     0.5866623596     1.2557286517     4.1340449438    67.5203370787     0.0067546910     0.0306116292     0.0400850562     0.0150152978     0.0202987191     0.0039364607    20.8793820225    30.1316292135   139.2402247191  1383.9780898876     0.1442371348     0.3632207865     0.4340988202     0.1784264045     0.3223067416     0.0907849438     2.8646067416  ]
