y_range =  124.0000000000
y_mu    =   47.4775280899
X_range = [  16.2700000000    28.9000000000   110.2000000000  1888.4000000000     0.0697300000     0.2653500000     0.4028200000     0.1808900000     0.1732000000     0.0471900000     1.6252000000     3.0541000000    12.1270000000   302.0100000000     0.0284630000     0.1280530000     0.1328600000     0.0340960000     0.0525280000     0.0114730000    22.2900000000    32.8700000000   147.1000000000  3394.9000000000     0.1298700000     1.0066900000     1.1460200000     0.2613100000     0.5073000000     0.1524600000     9.6000000000  ]
X_mu    = [  17.4824719101    22.2595505618   115.3138202247   976.5483146067     0.1028466292     0.1437234831     0.1582085393     0.0876307303     0.1931842697     0.0626581461     0.6101179775     1.2765219101     4.3000056180    71.0577528090     0.0067986798     0.0318479775     0.0417897191     0.0153363596     0.0207472022     0.0040189382    21.1017977528    30.1582022472   140.8405617978  1413.8752808989     0.1437904494     0.3688480899     0.4432145506     0.1802121348     0.3241438202     0.0906405618     2.8786516854  ]
