y_range =  124.0000000000
y_mu    =   46.9325842697
X_range = [  16.2700000000    28.9000000000   110.2000000000  1888.4000000000     0.0697300000     0.2653500000     0.4028200000     0.1781300000     0.1732000000     0.0471900000     1.6252000000     3.1409000000    12.1270000000   239.8100000000     0.0284630000     0.1280530000     0.1328600000     0.0339730000     0.0517480000     0.0114730000    20.2900000000    30.4900000000   144.2000000000  2923.9000000000     0.1406900000     1.0066900000     1.1460200000     0.2613100000     0.5073000000     0.1524600000     9.6000000000  ]
X_mu    = [  17.2902808989    22.3454494382   113.9621910112   956.0870786517     0.1028303371     0.1412433146     0.1543523596     0.0856044382     0.1920910112     0.0626573596     0.5953533708     1.2819786517     4.1620617978    68.2917977528     0.0068367528     0.0311639045     0.0409830899     0.0150750787     0.0204791292     0.0039681404    20.8474157303    30.2508988764   138.8891011236  1380.3505617978     0.1443045506     0.3639761798     0.4367769101     0.1774121910     0.3222634831     0.0908516854     2.8893258427  ]
