y_range =  122.0000000000
y_mu    =   45.3764044944
X_range = [  16.2700000000    28.9000000000   110.2000000000  1888.4000000000     0.0697300000     0.2653500000     0.4028200000     0.1808900000     0.1732000000     0.0471900000     1.6252000000     3.1409000000    12.1270000000   302.0100000000     0.0284630000     0.1280530000     0.1328600000     0.0340960000     0.0525280000     0.0114730000    22.2900000000    30.1200000000   147.1000000000  3394.9000000000     0.1406900000     1.0066900000     1.1460200000     0.2613100000     0.5073000000     0.1524600000     9.6000000000  ]
X_mu    = [  17.5673033708    22.3929213483   115.8830898876   987.5617977528     0.1028682584     0.1432517978     0.1582754494     0.0882040449     0.1933960674     0.0627170787     0.6144848315     1.2746415730     4.3255955056    72.3161235955     0.0067176629     0.0312234326     0.0409179213     0.0151040787     0.0206431742     0.0040031180    21.2421910112    30.2411797753   141.7351685393  1435.2606741573     0.1436371348     0.3646851685     0.4387448876     0.1796095506     0.3243573034     0.0907880899     2.8915730337  ]
