y_range =  124.0000000000
y_mu    =   48.6685393258
X_range = [  16.2700000000    28.9000000000   110.2000000000  1888.4000000000     0.0697300000     0.2653500000     0.4028200000     0.1808900000     0.1732000000     0.0471900000     1.6252000000     2.7579000000    12.1270000000   302.0100000000     0.0284630000     0.1280530000     0.1328600000     0.0340960000     0.0525280000     0.0114730000    22.2900000000    32.8700000000   147.1000000000  3394.9000000000     0.1364900000     1.0066900000     1.1460200000     0.2613100000     0.5073000000     0.1524600000     9.6000000000  ]
X_mu    = [  17.3137078652    22.1947191011   114.1746067416   959.5825842697     0.1024522472     0.1417791011     0.1539652247     0.0852657303     0.1920089888     0.0628129775     0.5902589888     1.2592258427     4.1712584270    68.2442134831     0.0067438764     0.0311407865     0.0403877528     0.0150032472     0.0204221461     0.0040219775    20.8577528090    30.1274719101   139.2031460674  1383.1567415730     0.1436792697     0.3658902247     0.4355920787     0.1773912921     0.3229241573     0.0914342135     2.8449438202  ]
