y_range =  124.0000000000
y_mu    =   47.8707865169
X_range = [  16.2700000000    28.9000000000   110.2000000000  1888.4000000000     0.0697300000     0.2653500000     0.4028200000     0.1808900000     0.1732000000     0.0471900000     1.6252000000     3.1409000000    11.9460000000   302.0100000000     0.0284630000     0.1280530000     0.1328600000     0.0339730000     0.0525280000     0.0114730000    22.2900000000    32.8700000000   147.1000000000  3394.9000000000     0.1406900000     1.0066900000     1.1460200000     0.2613100000     0.5073000000     0.1524600000     9.6000000000  ]
X_mu    = [  17.4665168539    22.3535393258   115.3194382022   975.5325842697     0.1031642135     0.1450860674     0.1596047191     0.0883630337     0.1933876404     0.0628483708     0.6133893258     1.2642825843     4.3387022472    71.6912359551     0.0068192809     0.0318131180     0.0415274157     0.0152992247     0.0206656124     0.0040460225    21.0878089888    30.0535955056   141.0291573034  1411.9938202247     0.1442320787     0.3706413483     0.4424173596     0.1805295506     0.3240707865     0.0913014045     2.8612359551  ]
