y_range =  124.0000000000
y_mu    =   46.8258426966
X_range = [  16.2700000000    28.9000000000   110.2000000000  1888.4000000000     0.0687800000     0.2653500000     0.4028200000     0.1808900000     0.1732000000     0.0471900000     1.6252000000     3.1409000000    12.1270000000   302.0100000000     0.0283040000     0.1280530000     0.1328600000     0.0340960000     0.0525280000     0.0114730000    22.2900000000    32.8700000000   144.9800000000  3394.9000000000     0.1364900000     1.0066900000     1.1460200000     0.2613100000     0.5073000000     0.1524600000     9.6000000000  ]
X_mu    = [  17.5228089888    22.4365168539   115.6075842697   983.1067415730     0.1027523596     0.1435652247     0.1588155056     0.0879000562     0.1930702247     0.0627116854     0.6062269663     1.2651584270     4.2616123596    71.4421910112     0.0067705506     0.0313601180     0.0408674157     0.0150447247     0.0204341124     0.0039880393    21.1874157303    30.3799438202   141.3475280899  1428.0713483146     0.1444225281     0.3687540449     0.4423825281     0.1810737640     0.3239893258     0.0911368539     2.8056179775  ]
