y_range =  124.0000000000
y_mu    =   46.6348314607
X_range = [  16.2700000000    28.9000000000   110.2000000000  1888.4000000000     0.0697300000     0.2653500000     0.4028200000     0.1808900000     0.1732000000     0.0471900000     1.6252000000     3.1409000000    12.1270000000   239.8100000000     0.0284630000     0.1280530000     0.1328600000     0.0340960000     0.0525280000     0.0112740000    20.2900000000    32.8700000000   144.2000000000  2725.9000000000     0.1406900000     1.0066900000     1.0810200000     0.2613100000     0.5073000000     0.1524600000     9.6000000000  ]
X_mu    = [  17.3783146067    22.3841011236   114.6499438202   965.7258426966     0.1029580899     0.1441060674     0.1566840449     0.0868806742     0.1936432584     0.0629430899     0.6030443820     1.2629280899     4.2505561798    69.5502808989     0.0068340169     0.0317755000     0.0413312921     0.0152648371     0.0207443764     0.0040398876    20.9339325843    30.1326404494   139.8149438202  1388.2101123596     0.1444494944     0.3699621348     0.4370870225     0.1792969101     0.3247988764     0.0914637079     2.7848314607  ]
