y_range =  124.0000000000
y_mu    =   46.1011235955
X_range = [  16.2700000000    28.9000000000   110.2000000000  1888.4000000000     0.0697300000     0.2653500000     0.4028200000     0.1808900000     0.1616000000     0.0470000000     1.6252000000     3.1409000000    12.1270000000   302.0100000000     0.0206630000     0.0932530000     0.1168600000     0.0314260000     0.0525280000     0.0102130000    22.2900000000    32.8700000000   147.1000000000  3394.9000000000     0.1406900000     1.0066900000     1.1460200000     0.2613100000     0.5073000000     0.1524600000     9.6000000000  ]
X_mu    = [  17.5122471910    22.2767415730   115.5258426966   982.1449438202     0.1025233146     0.1422482584     0.1574097753     0.0878475281     0.1917966292     0.0624852809     0.6118516854     1.2627578652     4.3215224719    71.7003370787     0.0066180730     0.0304825730     0.0398969663     0.0150280674     0.0201273146     0.0039022079    21.1653370787    30.1117977528   141.3413483146  1424.6292134831     0.1433893820     0.3621677528     0.4336819663     0.1788502809     0.3196179775     0.0903300562     2.8702247191  ]
