y_range =  124.0000000000
y_mu    =   47.2528089888
X_range = [  16.2700000000    28.9000000000   110.2000000000  1888.4000000000     0.0697300000     0.2653500000     0.4028200000     0.1808900000     0.1732000000     0.0471900000     1.6252000000     3.1409000000    12.1270000000   302.0100000000     0.0284630000     0.1280530000     0.1328600000     0.0340960000     0.0525280000     0.0114730000    22.2900000000    32.8700000000   147.1000000000  3394.9000000000     0.1256700000     1.0066900000     1.1460200000     0.2613100000     0.5073000000     0.1524600000     9.6000000000  ]
X_mu    = [  17.2701685393    22.1906179775   113.9252247191   954.4202247191     0.1030775843     0.1430508989     0.1563214045     0.0866724719     0.1933382022     0.0629235393     0.6007393258     1.2593578652     4.2310224719    69.3899438202     0.0068918708     0.0315798315     0.0410240449     0.0152131180     0.0208013596     0.0040436011    20.8150561798    29.9770224719   138.9615730337  1377.9146067416     0.1445516854     0.3660098876     0.4350538764     0.1784194944     0.3242730337     0.0910664045     2.7544943820  ]
