y_range =  124.0000000000
y_mu    =   46.3314606742
X_range = [  16.2700000000    25.0200000000   110.2000000000  1888.4000000000     0.0697300000     0.2653500000     0.3999500000     0.1781300000     0.1732000000     0.0471900000     1.6252000000     3.1409000000    12.1270000000   302.0100000000     0.0284630000     0.1280530000     0.1328600000     0.0340960000     0.0506270000     0.0114730000    22.2900000000    32.8700000000   147.1000000000  3394.9000000000     0.1406900000     0.9782600000     1.1088000000     0.2245500000     0.5035000000     0.1510600000     9.6000000000  ]
X_mu    = [  17.4528089888    22.4024157303   115.1158988764   974.4752808989     0.1025317978     0.1427324157     0.1560589326     0.0867573596     0.1921382022     0.0626012921     0.5981443820     1.2560112360     4.2179382022    69.7037078652     0.0067727022     0.0312694382     0.0404666854     0.0149750843     0.0203267416     0.0039701011    21.0926966292    30.3534831461   140.7499438202  1413.7410112360     0.1444766292     0.3692367978     0.4382427528     0.1792621348     0.3240320225     0.0910054494     2.8207865169  ]
