y_range =  124.0000000000
y_mu    =   47.0786516854
X_range = [  16.2700000000    28.9000000000   110.2000000000  1888.4000000000     0.0697300000     0.2653500000     0.4028200000     0.1808900000     0.1732000000     0.0471900000     1.6252000000     3.1409000000    12.1270000000   302.0100000000     0.0284630000     0.1280530000     0.1328600000     0.0340960000     0.0517480000     0.0114730000    22.2900000000    32.8700000000   147.1000000000  3394.9000000000     0.1298700000     1.0066900000     1.1460200000     0.2466100000     0.5073000000     0.1524600000     9.6000000000  ]
X_mu    = [  17.3100000000    22.1908988764   114.1561797753   960.8657303371     0.1027108989     0.1417271910     0.1547556180     0.0859251685     0.1925533708     0.0627808989     0.5973398876     1.2631415730     4.2052471910    69.3298876404     0.0067912247     0.0310393820     0.0401735393     0.0149430449     0.0204696742     0.0039826966    20.9208426966    30.0988202247   139.6649438202  1396.0657303371     0.1441657303     0.3642323596     0.4333673596     0.1778166854     0.3238685393     0.0910463483     2.8140449438  ]
