y_range =  124.0000000000
y_mu    =   46.2752808989
X_range = [  16.2700000000    28.9000000000   110.2000000000  1888.4000000000     0.0697300000     0.2653500000     0.4028200000     0.1808900000     0.1732000000     0.0471900000     1.6136000000     3.1409000000    12.1270000000   302.0100000000     0.0284630000     0.1280530000     0.1328600000     0.0340960000     0.0525280000     0.0114730000    22.2900000000    32.8700000000   147.1000000000  3394.9000000000     0.1406900000     1.0066900000     1.1460200000     0.2613100000     0.5073000000     0.1524600000     9.6000000000  ]
X_mu    = [  17.4774719101    22.2736516854   115.3066853933   976.7837078652     0.1025546629     0.1434564045     0.1573889326     0.0870207303     0.1932168539     0.0626376966     0.6128466292     1.2807140449     4.3315898876    71.5791011236     0.0068474270     0.0319003989     0.0416614045     0.0153523371     0.0208169607     0.0040412416    21.0661235955    30.0416292135   140.6865730337  1410.9505617978     0.1433905056     0.3680385393     0.4406471348     0.1790561798     0.3223685393     0.0907300000     2.8432584270  ]
