y_range =  124.0000000000
y_mu    =   46.4101123596
X_range = [  16.2700000000    28.9000000000   110.2000000000  1888.4000000000     0.0697300000     0.2600900000     0.4028200000     0.1808900000     0.1732000000     0.0471900000     1.6252000000     3.1409000000    11.9460000000   302.0100000000     0.0284630000     0.1280530000     0.1328600000     0.0340960000     0.0525280000     0.0114730000    22.2900000000    32.8700000000   147.1000000000  3394.9000000000     0.1406900000     1.0066900000     1.1460200000     0.2613100000     0.5073000000     0.1524600000     9.6000000000  ]
X_mu    = [  17.6241573034    22.3449438202   116.2855617978   993.7617977528     0.1022660112     0.1437422472     0.1586852247     0.0881417978     0.1929960674     0.0627175281     0.6134674157     1.2708668539     4.3362977528    72.4998314607     0.0067424944     0.0313816292     0.0411429213     0.0151886180     0.0205931573     0.0040135562    21.3001685393    30.2587078652   142.2467415730  1442.0601123596     0.1433141011     0.3673904494     0.4413926404     0.1807448876     0.3244123596     0.0908399438     2.9044943820  ]
