y_range =  124.0000000000
y_mu    =   47.3146067416
X_range = [  16.2700000000    28.9000000000   110.2000000000  1878.9000000000     0.0697300000     0.2600900000     0.4028200000     0.1808900000     0.1732000000     0.0471900000     1.6252000000     3.0541000000    12.1270000000   301.5100000000     0.0284630000     0.1280530000     0.1328600000     0.0340960000     0.0525280000     0.0114730000    22.2900000000    30.4900000000   147.1000000000  3389.0000000000     0.1406900000     1.0066900000     1.1460200000     0.2613100000     0.5073000000     0.1524600000     9.6000000000  ]
X_mu    = [  17.5097191011    22.3588202247   115.5655056180   980.5578651685     0.1028334831     0.1436655618     0.1583685955     0.0881557303     0.1927623596     0.0627222472     0.6166685393     1.2903764045     4.3587415730    72.0529775281     0.0068539326     0.0319269101     0.0412870787     0.0153736966     0.0207623315     0.0040539775    21.1254494382    30.1989325843   141.1410112360  1417.9915730337     0.1431950000     0.3654157303     0.4350875843     0.1789994382     0.3220382022     0.0905073034     2.9033707865  ]
