y_range =  124.0000000000
y_mu    =   45.7752808989
X_range = [  16.2700000000    28.9000000000   110.2000000000  1888.4000000000     0.0675300000     0.2653500000     0.3339200000     0.1709900000     0.1732000000     0.0471900000     1.6252000000     3.1409000000    12.1270000000   302.0100000000     0.0284630000     0.1280530000     0.1328600000     0.0340960000     0.0525280000     0.0114730000    22.2900000000    32.8700000000   147.1000000000  3394.9000000000     0.1406900000     1.0066900000     1.1460200000     0.2613100000     0.5073000000     0.1524600000     9.6000000000  ]
X_mu    = [  17.3688202247    22.3648876404   114.5582584270   965.2691011236     0.1025634270     0.1427745506     0.1559476966     0.0866115169     0.1929882022     0.0627258989     0.6017578652     1.2597455056     4.2396573034    69.7848876404     0.0066784213     0.0311364663     0.0405971910     0.0151241292     0.0206652921     0.0039739551    21.0233146067    30.2980898876   140.3192134831  1406.0449438202     0.1439933146     0.3689020225     0.4403741011     0.1791993820     0.3261106742     0.0911493258     2.8561797753  ]
