y_range =  124.0000000000
y_mu    =   47.3202247191
X_range = [  16.2700000000    28.9000000000   110.2000000000  1888.4000000000     0.0697300000     0.2653500000     0.4028200000     0.1808900000     0.1732000000     0.0471900000     1.6252000000     3.1409000000    12.1270000000   302.0100000000     0.0284630000     0.1280530000     0.1328600000     0.0339730000     0.0525280000     0.0114730000    22.2900000000    32.8700000000   147.1000000000  3394.9000000000     0.1364900000     1.0066900000     1.1460200000     0.2613100000     0.5073000000     0.1524600000     9.6000000000  ]
X_mu    = [  17.3306741573    22.4121348315   114.3391011236   960.4455056180     0.1026073034     0.1428579775     0.1558929775     0.0864941011     0.1932483146     0.0628177528     0.5987455056     1.2685623596     4.2417977528    69.3498314607     0.0067859663     0.0310904213     0.0408684831     0.0151118427     0.0207434382     0.0039633820    20.8816853933    30.2673595506   139.4969662921  1385.6494382022     0.1435921910     0.3650789888     0.4367179213     0.1783582584     0.3249539326     0.0909060112     2.7955056180  ]
