y_range =  124.0000000000
y_mu    =   44.8932584270
X_range = [  14.7800000000    28.9000000000   102.3000000000  1648.4000000000     0.0697300000     0.2653500000     0.4028200000     0.1808900000     0.1732000000     0.0471900000     1.6252000000     3.1409000000    12.1270000000   302.0100000000     0.0284630000     0.1280530000     0.1328600000     0.0339730000     0.0525280000     0.0114730000    22.2900000000    32.8700000000   147.1000000000  3394.9000000000     0.1406900000     1.0066900000     1.1460200000     0.2613100000     0.5073000000     0.1524600000     9.6000000000  ]
X_mu    = [  17.4364044944    22.2236516854   115.0751123596   971.6696629213     0.1028394944     0.1439762921     0.1579883708     0.0875045506     0.1931337079     0.0627914045     0.6032382022     1.2701426966     4.2619943820    70.1142696629     0.0068856011     0.0318655393     0.0415529213     0.0153722416     0.0208252360     0.0040628933    20.9802808989    29.9475280899   140.0992134831  1398.2050561798     0.1442152247     0.3677649438     0.4397347753     0.1798141573     0.3225146067     0.0911077528     2.9258426966  ]
