y_range =  124.0000000000
y_mu    =   46.5674157303
X_range = [  16.2700000000    28.9000000000   110.2000000000  1878.9000000000     0.0687800000     0.2343000000     0.3999500000     0.1808900000     0.1732000000     0.0471900000     1.6252000000     3.1409000000    12.1270000000   301.5100000000     0.0283040000     0.1280530000     0.1328600000     0.0340960000     0.0506270000     0.0114730000    22.2900000000    32.8700000000   147.1000000000  3389.0000000000     0.1406900000     0.9782600000     1.1088000000     0.2187000000     0.5035000000     0.1510600000     9.6000000000  ]
X_mu    = [  17.4935393258    22.3472471910   115.3738202247   978.0235955056     0.1025514607     0.1424921348     0.1563396067     0.0866840449     0.1926089888     0.0626669101     0.5926567416     1.2538949438     4.1740112360    69.3624719101     0.0067320281     0.0314135393     0.0408667978     0.0149469551     0.0205019663     0.0040132360    21.1053370787    30.2559550562   140.8057865169  1414.6606741573     0.1443665169     0.3661639888     0.4391596067     0.1787007865     0.3238539326     0.0909812360     2.9067415730  ]
