y_range =  124.0000000000
y_mu    =   47.6179775281
X_range = [  16.2700000000    28.9000000000   110.2000000000  1888.4000000000     0.0697300000     0.2653500000     0.4028200000     0.1808900000     0.1732000000     0.0471900000     1.6252000000     3.1409000000    12.1270000000   239.8100000000     0.0284630000     0.1269780000     0.1310800000     0.0339730000     0.0525280000     0.0114730000    20.2900000000    32.8700000000   144.2000000000  2923.9000000000     0.1406900000     0.8865900000     1.1460200000     0.2613100000     0.5073000000     0.1179600000     9.6000000000  ]
X_mu    = [  17.3352808989    22.0839325843   114.4091573034   961.1707865169     0.1031525843     0.1428789888     0.1565707303     0.0869003371     0.1936348315     0.0628262921     0.6007561798     1.2748112360     4.2437078652    69.2964044944     0.0068510449     0.0313770169     0.0407854494     0.0151264944     0.0205882135     0.0039976180    20.9285955056    29.9771348315   139.8388202247  1389.4005617978     0.1451146629     0.3671000562     0.4389499438     0.1797780899     0.3245859551     0.0910339888     2.8837078652  ]
