y_range =  124.0000000000
y_mu    =   45.9550561798
X_range = [  16.2700000000    27.3900000000   110.2000000000  1888.4000000000     0.0648300000     0.2653500000     0.3339200000     0.1709900000     0.1370000000     0.0321800000     1.6252000000     3.0541000000    12.1270000000   302.0100000000     0.0284630000     0.1280530000     0.1328600000     0.0340960000     0.0525280000     0.0114730000    22.2900000000    32.8700000000   147.1000000000  3394.9000000000     0.1406900000     1.0066900000     1.1460200000     0.2613100000     0.4209000000     0.1524600000     9.6000000000  ]
X_mu    = [  17.4156179775    22.3012359551   114.7570224719   970.8039325843     0.1023076404     0.1394337079     0.1539783708     0.0858485955     0.1912640449     0.0622784831     0.5958129213     1.2504887640     4.1613876404    69.4951123596     0.0066251236     0.0297957865     0.0401061798     0.0149488202     0.0198350674     0.0038543315    21.0283146067    30.2857865169   140.1005056180  1408.8612359551     0.1433787079     0.3560896629     0.4337656742     0.1769272472     0.3192837079     0.0899053371     2.8095505618  ]
