y_range =  124.0000000000
y_mu    =   46.8595505618
X_range = [  16.2700000000    28.9000000000   110.2000000000  1888.4000000000     0.0648300000     0.2653500000     0.3339200000     0.1709900000     0.1732000000     0.0321800000     1.6252000000     3.1409000000    12.1270000000   302.0100000000     0.0284630000     0.1280530000     0.1328600000     0.0340960000     0.0525280000     0.0114730000    22.2900000000    32.8700000000   147.1000000000  3394.9000000000     0.1406900000     1.0066900000     1.1460200000     0.2613100000     0.4209000000     0.1524600000     9.6000000000  ]
X_mu    = [  17.3858426966    22.0473595506   114.6269662921   966.2488764045     0.1023185393     0.1413101685     0.1539470225     0.0861125843     0.1911915730     0.0625073596     0.6072662921     1.2628567416     4.2918483146    70.5403932584     0.0067134607     0.0308730337     0.0404424157     0.0152017135     0.0203564157     0.0039476011    21.0360112360    29.9696067416   140.3974157303  1406.5005617978     0.1434298315     0.3611396629     0.4322594944     0.1779789326     0.3207061798     0.0903180337     2.8297752809  ]
