y_range =  124.0000000000
y_mu    =   46.0449438202
X_range = [  16.2700000000    28.9000000000   110.2000000000  1888.4000000000     0.0697300000     0.2653500000     0.4028200000     0.1808900000     0.1732000000     0.0471900000     1.6252000000     3.1409000000    12.1270000000   302.0100000000     0.0284630000     0.1280530000     0.1328600000     0.0340960000     0.0525280000     0.0114730000    22.2900000000    32.8700000000   147.1000000000  3394.9000000000     0.1406900000     1.0066900000     1.1460200000     0.2613100000     0.5073000000     0.1524600000     9.6000000000  ]
X_mu    = [  17.3562921348    22.3165730337   114.5210112360   964.3910112360     0.1026998315     0.1434417978     0.1560756742     0.0867078652     0.1935533708     0.0629714607     0.6022449438     1.2689089888     4.2512640449    70.2017415730     0.0067916067     0.0316623034     0.0410801685     0.0152354101     0.0208677640     0.0040613202    20.9311797753    30.1674719101   139.7610112360  1393.3584269663     0.1441017416     0.3682492135     0.4391594944     0.1794339888     0.3263050562     0.0916879213     2.9117977528  ]
