y_range =  124.0000000000
y_mu    =   47.9943820225
X_range = [  14.7800000000    23.4900000000   102.3000000000  1638.9000000000     0.0697300000     0.2653500000     0.4028200000     0.1808900000     0.1732000000     0.0471900000     1.6252000000     3.1409000000    12.1270000000   301.5100000000     0.0284630000     0.1280530000     0.1328600000     0.0340960000     0.0525280000     0.0114730000    22.2900000000    32.8700000000   147.1000000000  3389.0000000000     0.1278900000     1.0066900000     1.1460200000     0.2613100000     0.5073000000     0.1524600000     9.6000000000  ]
X_mu    = [  17.2873595506    22.0320224719   113.9850561798   955.3011235955     0.1025825281     0.1415526404     0.1543194944     0.0857863483     0.1930589888     0.0626743258     0.5988573034     1.2567426966     4.2232415730    69.1642134831     0.0067609831     0.0308926404     0.0407946067     0.0151947584     0.0206159101     0.0039939944    20.7803932584    29.6864044944   138.7230337079  1371.0488764045     0.1429264607     0.3589447191     0.4322111798     0.1769856742     0.3231910112     0.0906378090     2.8241573034  ]
