y_range =  124.0000000000
y_mu    =   46.6685393258
X_range = [  14.7800000000    28.9000000000   102.3000000000  1648.4000000000     0.0675300000     0.2653500000     0.3339200000     0.1709900000     0.1732000000     0.0471900000     1.6252000000     3.1409000000    12.1270000000   302.0100000000     0.0284630000     0.1280530000     0.1328600000     0.0340960000     0.0525280000     0.0114730000    22.2900000000    32.8700000000   147.1000000000  3394.9000000000     0.1287300000     1.0066900000     1.1460200000     0.2613100000     0.5073000000     0.1524600000     9.6000000000  ]
X_mu    = [  17.3652808989    22.5113483146   114.4970224719   962.1595505618     0.1022664607     0.1416800000     0.1543497191     0.0857905618     0.1925443820     0.0626355618     0.5789494382     1.2537561798     4.0878820225    66.9132584270     0.0067241910     0.0307912584     0.0401400000     0.0148672640     0.0203619213     0.0039443315    20.9583707865    30.5287640449   139.8760112360  1394.9696629213     0.1442211798     0.3657267416     0.4364139326     0.1790301685     0.3254556180     0.0909782022     2.8814606742  ]
