y_range =  124.0000000000
y_mu    =   48.4775280899
X_range = [  16.2700000000    23.4900000000   110.2000000000  1888.4000000000     0.0697300000     0.2653500000     0.4028200000     0.1808900000     0.1370000000     0.0471900000     1.6252000000     2.7579000000    11.9460000000   239.8100000000     0.0284630000     0.1280530000     0.1328600000     0.0340960000     0.0525280000     0.0114730000    20.2900000000    32.8700000000   144.2000000000  2923.9000000000     0.1406900000     1.0066900000     1.1460200000     0.2613100000     0.5073000000     0.1524600000     9.6000000000  ]
X_mu    = [  17.3071910112    22.0677528090   114.1152247191   958.5898876404     0.1028731461     0.1418455618     0.1542092697     0.0856926966     0.1924977528     0.0628533146     0.5974730337     1.2732865169     4.2175449438    69.0285393258     0.0067893371     0.0313929213     0.0406984831     0.0150659382     0.0207119775     0.0040138090    20.8811235955    30.0039325843   139.3935955056  1385.8292134831     0.1440927528     0.3667194382     0.4362623034     0.1777188202     0.3250589888     0.0912532584     2.8376404494  ]
