y_range =  124.0000000000
y_mu    =   46.2977528090
X_range = [  16.2700000000    28.9000000000   110.2000000000  1888.4000000000     0.0687800000     0.2406500000     0.4028200000     0.1808900000     0.1732000000     0.0471900000     1.5362000000     3.1409000000    10.4070000000   302.0100000000     0.0283040000     0.1280530000     0.1328600000     0.0340960000     0.0525280000     0.0114730000    22.2900000000    32.8700000000   147.1000000000  3394.9000000000     0.1406900000     1.0066900000     1.1460200000     0.2613100000     0.5073000000     0.1524600000     9.6000000000  ]
X_mu    = [  17.4156741573    22.0080337079   114.8588202247   970.0550561798     0.1028447191     0.1422666292     0.1553430337     0.0868587640     0.1925752809     0.0626037079     0.5945606742     1.2593735955     4.2007471910    68.8695505618     0.0067586180     0.0312211798     0.0405057865     0.0150729438     0.0207093371     0.0039789494    20.9567977528    29.8380337079   139.8787078652  1394.3848314607     0.1439326404     0.3654138202     0.4346263483     0.1785600000     0.3234308989     0.0907076404     2.8679775281  ]
