y_range =  124.0000000000
y_mu    =   48.1966292135
X_range = [  16.2700000000    28.9000000000   110.2000000000  1888.4000000000     0.0697300000     0.2406500000     0.4028200000     0.1781300000     0.1732000000     0.0471900000     1.6252000000     3.1409000000    12.1270000000   302.0100000000     0.0284630000     0.1280530000     0.1328600000     0.0340960000     0.0525280000     0.0114730000    22.2900000000    32.8700000000   147.1000000000  3394.9000000000     0.1406900000     1.0066900000     1.1460200000     0.2613100000     0.5073000000     0.1524600000     9.6000000000  ]
X_mu    = [  17.4187078652    22.1330337079   114.9005617978   971.4348314607     0.1027708427     0.1435054494     0.1565551685     0.0868436517     0.1930426966     0.0628389888     0.6000061798     1.2437286517     4.2298483146    70.1400561798     0.0067951180     0.0315328652     0.0409254494     0.0151650955     0.0208217528     0.0040094382    21.0306179775    29.9567415730   140.3834831461  1408.9955056180     0.1443343258     0.3704351685     0.4396617416     0.1799025281     0.3256623596     0.0913919663     2.8567415730  ]
