y_range =  124.0000000000
y_mu    =   46.6573033708
X_range = [  16.2700000000    28.9000000000   110.2000000000  1888.4000000000     0.0697300000     0.2600900000     0.4028200000     0.1808900000     0.1732000000     0.0471900000     1.6252000000     3.1409000000    12.1270000000   302.0100000000     0.0284630000     0.1280530000     0.1328600000     0.0340960000     0.0517480000     0.0114730000    22.2900000000    32.8700000000   147.1000000000  3394.9000000000     0.1406900000     1.0066900000     1.1460200000     0.2443100000     0.5073000000     0.1524600000     9.6000000000  ]
X_mu    = [  17.2506741573    22.3041011236   113.7744382022   951.8089887640     0.1029344382     0.1422019101     0.1554870787     0.0859607303     0.1920584270     0.0627720787     0.5888320225     1.2758241573     4.1448707865    67.7371348315     0.0067578933     0.0310188202     0.0405126404     0.0149356348     0.0203307416     0.0039535562    20.7849438202    30.2629775281   138.6464044944  1372.7955056180     0.1442056742     0.3642432584     0.4364460112     0.1775174157     0.3224651685     0.0907244944     2.8691011236  ]
