y_range =  124.0000000000
y_mu    =   47.4438202247
X_range = [  16.2700000000    28.9000000000   110.2000000000  1888.4000000000     0.0697300000     0.2653500000     0.4028200000     0.1808900000     0.1616000000     0.0471900000     1.6252000000     3.0541000000    12.1270000000   239.8100000000     0.0206630000     0.1280530000     0.1168600000     0.0314260000     0.0525280000     0.0106330000    20.2900000000    32.8700000000   144.2000000000  2923.9000000000     0.1406900000     1.0066900000     1.1460200000     0.2613100000     0.5073000000     0.1524600000     9.6000000000  ]
X_mu    = [  17.2908426966    22.1661235955   114.0684269663   956.7477528090     0.1028960112     0.1432928652     0.1561900000     0.0861862921     0.1943533708     0.0628891011     0.5948016854     1.2556500000     4.2022528090    68.5484269663     0.0066999326     0.0311220225     0.0404506180     0.0149879719     0.0206291685     0.0039321573    20.8496067416    30.0782584270   139.3357303371  1382.0617977528     0.1446815169     0.3705362921     0.4392319663     0.1791648876     0.3261966292     0.0913014607     2.8691011236  ]
