y_range =  124.0000000000
y_mu    =   46.3820224719
X_range = [  16.2700000000    27.3900000000   110.2000000000  1888.4000000000     0.0687800000     0.2653500000     0.3999500000     0.1808900000     0.1732000000     0.0470000000     1.6136000000     3.1409000000    12.1270000000   302.0100000000     0.0283040000     0.1280530000     0.1328600000     0.0340960000     0.0506270000     0.0114730000    22.2900000000    32.8700000000   147.1000000000  3394.9000000000     0.1406900000     0.9782600000     1.1088000000     0.2245500000     0.5035000000     0.1510600000     9.6000000000  ]
X_mu    = [  17.4748876404    22.3672471910   115.3138202247   977.5314606742     0.1030367416     0.1440544944     0.1590447753     0.0879338764     0.1929983146     0.0627934270     0.6087252809     1.2707651685     4.2866573034    71.1912359551     0.0068343090     0.0315853820     0.0414763483     0.0152696742     0.0205792135     0.0040372472    21.1072471910    30.2171910112   140.8392134831  1417.7005617978     0.1443294382     0.3643733146     0.4397028652     0.1800583146     0.3208353933     0.0906941573     2.9050561798  ]
