y_range =  124.0000000000
y_mu    =   46.8089887640
X_range = [  16.2700000000    23.4900000000   110.2000000000  1888.4000000000     0.0675300000     0.2653500000     0.3339200000     0.1682300000     0.1370000000     0.0470000000     1.6136000000     3.1409000000    12.1270000000   302.0100000000     0.0284630000     0.1262950000     0.1327900000     0.0340960000     0.0525280000     0.0114730000    22.2900000000    32.5000000000   147.1000000000  3394.9000000000     0.1406900000     1.0066900000     1.1460200000     0.2466100000     0.5073000000     0.1524600000     9.6000000000  ]
X_mu    = [  17.3530898876    22.0789325843   114.4066853933   964.4084269663     0.1028280337     0.1414043258     0.1545324157     0.0856188764     0.1928101124     0.0627120787     0.5970280899     1.2628230337     4.2045674157    69.0145505618     0.0067313315     0.0304812416     0.0406146067     0.0150986067     0.0206019775     0.0038849775    20.9409550562    30.0460674157   139.8334831461  1396.0089887640     0.1446118539     0.3631483708     0.4386342135     0.1779653371     0.3255359551     0.0908063483     2.8511235955  ]
