y_range =  124.0000000000
y_mu    =   47.2415730337
X_range = [  16.2700000000    28.9000000000   110.2000000000  1888.4000000000     0.0697300000     0.2653500000     0.4028200000     0.1808900000     0.1732000000     0.0471900000     1.6252000000     3.1409000000    12.1270000000   302.0100000000     0.0284630000     0.0932530000     0.1328600000     0.0340960000     0.0525280000     0.0114730000    22.2900000000    32.8700000000   147.1000000000  3394.9000000000     0.1406900000     1.0066900000     1.1460200000     0.2613100000     0.5073000000     0.1524600000     9.6000000000  ]
X_mu    = [  17.3292134831    22.2789325843   114.3098314607   961.6679775281     0.1025117416     0.1425397191     0.1551714045     0.0859922472     0.1926752809     0.0628808989     0.6020500000     1.2483140449     4.2421011236    69.7770786517     0.0067648708     0.0310458090     0.0404151124     0.0148997135     0.0205583820     0.0039881573    20.9578651685    30.0876404494   139.9171910112  1397.2966292135     0.1440864045     0.3660362921     0.4362043820     0.1778693820     0.3239213483     0.0911935393     2.8842696629  ]
