y_range =  124.0000000000
y_mu    =   47.8651685393
X_range = [  16.2700000000    28.9000000000   110.2000000000  1888.4000000000     0.0687800000     0.2653500000     0.4028200000     0.1741600000     0.1732000000     0.0471900000     1.6252000000     2.7579000000    12.1270000000   302.0100000000     0.0283040000     0.1280530000     0.1328600000     0.0340960000     0.0525280000     0.0114730000    22.2900000000    32.8700000000   147.1000000000  3394.9000000000     0.1406900000     1.0066900000     1.1460200000     0.2613100000     0.5073000000     0.1524600000     9.6000000000  ]
X_mu    = [  17.3621910112    22.0782584270   114.5511235955   965.3033707865     0.1029985393     0.1436846629     0.1560401685     0.0865929775     0.1926005618     0.0629711236     0.6014376404     1.2537095506     4.2349831461    69.9193258427     0.0067911685     0.0314922135     0.0404517978     0.0149967416     0.0206208539     0.0040324607    21.0448876404    30.0530898876   140.5141011236  1409.6207865169     0.1450998876     0.3716368539     0.4416291011     0.1806948315     0.3253808989     0.0919453371     2.8735955056  ]
