y_range =  122.0000000000
y_mu    =   45.7584269663
X_range = [  16.2700000000    28.9000000000   110.2000000000  1888.4000000000     0.0697300000     0.2653500000     0.3999500000     0.1808900000     0.1370000000     0.0464800000     1.6252000000     3.1409000000    12.1270000000   302.0100000000     0.0284630000     0.1280530000     0.1328600000     0.0340960000     0.0506270000     0.0114730000    22.2900000000    32.8700000000   147.1000000000  3394.9000000000     0.1406900000     0.8581600000     1.1088000000     0.2245500000     0.5035000000     0.1165600000     9.6000000000  ]
X_mu    = [  17.4915168539    22.2055617978   115.4208988764   980.0235955056     0.1029755618     0.1430752809     0.1582038202     0.0879252247     0.1921595506     0.0627452247     0.6074876404     1.2604747191     4.2922752809    71.4894382022     0.0067936292     0.0310894270     0.0407578652     0.0151314775     0.0205637079     0.0039748539    21.1522471910    30.0880337079   141.3751123596  1423.3365168539     0.1446249438     0.3633384831     0.4380882584     0.1810267416     0.3225500000     0.0905401124     2.8000000000  ]
