y_range =  124.0000000000
y_mu    =   45.6348314607
X_range = [  16.2700000000    23.1800000000   110.2000000000  1888.4000000000     0.0687800000     0.2653500000     0.4028200000     0.1808900000     0.1370000000     0.0321800000     1.5362000000     3.1409000000    10.4070000000   302.0100000000     0.0283040000     0.1280530000     0.1328600000     0.0340960000     0.0483980000     0.0112740000    22.2900000000    32.8700000000   147.1000000000  3394.9000000000     0.1406900000     1.0066900000     1.0810200000     0.2613100000     0.4209000000     0.1524600000     9.6000000000  ]
X_mu    = [  17.5089887640    22.3002808989   115.4882584270   980.6264044944     0.1023367416     0.1423035955     0.1553869663     0.0868598315     0.1921752809     0.0624893258     0.6082050562     1.2787556180     4.2976460674    71.2303932584     0.0067477472     0.0313688146     0.0406505056     0.0151213427     0.0201644326     0.0039803708    21.1664606742    30.1760674157   141.3154494382  1426.6640449438     0.1433646629     0.3646537079     0.4341381461     0.1784341011     0.3200455056     0.0905678652     2.7977528090  ]
