y_range =  122.0000000000
y_mu    =   46.7584269663
X_range = [  16.2700000000    28.9000000000   110.2000000000  1888.4000000000     0.0697300000     0.2406500000     0.4028200000     0.1808900000     0.1732000000     0.0321800000     1.6252000000     3.1409000000    12.1270000000   302.0100000000     0.0284630000     0.1280530000     0.1328600000     0.0340960000     0.0525280000     0.0114730000    22.2900000000    32.8700000000   147.1000000000  3394.9000000000     0.1298700000     1.0066900000     1.1460200000     0.2613100000     0.4209000000     0.1524600000     9.6000000000  ]
X_mu    = [  17.3506741573    22.3267415730   114.3838764045   962.1505617978     0.1023615730     0.1406356180     0.1540601685     0.0854777528     0.1921949438     0.0623715169     0.5912707865     1.2675584270     4.1651011236    68.4593820225     0.0067885730     0.0308328090     0.0404751124     0.0149333596     0.0205066966     0.0039265225    20.9147191011    30.2578089888   139.5033146067  1389.8235955056     0.1437252809     0.3600941573     0.4328162360     0.1764239888     0.3231533708     0.0900438764     2.8668539326  ]
