y_range =  124.0000000000
y_mu    =   45.6741573034
X_range = [  16.1400000000    28.9000000000   108.8000000000  1888.4000000000     0.0697300000     0.2653500000     0.4028200000     0.1808900000     0.1732000000     0.0307900000     1.6252000000     3.1409000000    11.9460000000   302.0100000000     0.0284630000     0.1269780000     0.1327900000     0.0340960000     0.0525280000     0.0114730000    21.8900000000    32.8700000000   140.4400000000  3394.9000000000     0.1406900000     0.8865900000     1.1460200000     0.2613100000     0.4209000000     0.0895600000     9.6000000000  ]
X_mu    = [  17.5439325843    22.3739887640   115.6873595506   982.4028089888     0.1020283708     0.1413523596     0.1547072472     0.0865144382     0.1921202247     0.0623003371     0.6083792135     1.2752123596     4.2900000000    71.4627528090     0.0068061685     0.0310463652     0.0407482584     0.0151894270     0.0205362472     0.0039746124    21.1570224719    30.2469662921   141.1877528090  1420.6376404494     0.1430399438     0.3588487079     0.4296909551     0.1782720787     0.3208365169     0.0897316292     2.8477528090  ]
