y_range =  124.0000000000
y_mu    =   48.2584269663
X_range = [  14.7800000000    28.9000000000   102.3000000000  1648.4000000000     0.0697300000     0.2653500000     0.4028200000     0.1781300000     0.1732000000     0.0471900000     1.6252000000     3.1409000000    12.1270000000   302.0100000000     0.0284630000     0.1280530000     0.1328600000     0.0340960000     0.0525280000     0.0114730000    22.2900000000    32.5000000000   147.1000000000  3394.9000000000     0.1406900000     1.0066900000     1.1460200000     0.2613100000     0.5073000000     0.1524600000     9.6000000000  ]
X_mu    = [  17.3692696629    22.2440449438   114.5903370787   964.4848314607     0.1028817978     0.1437382022     0.1573159551     0.0869920225     0.1937393258     0.0629171348     0.6038786517     1.2710865169     4.2624157303    70.2302247191     0.0067987697     0.0317276404     0.0414228090     0.0152304270     0.0208789438     0.0040438820    20.9435393258    30.0975280899   139.8902247191  1394.2494382022     0.1443062360     0.3674626966     0.4401285955     0.1789103933     0.3251415730     0.0911882584     2.8460674157  ]
