y_range =  124.0000000000
y_mu    =   47.8202247191
X_range = [  16.2700000000    23.4900000000   110.2000000000  1888.4000000000     0.0697300000     0.2653500000     0.4028200000     0.1808900000     0.1616000000     0.0471900000     1.6252000000     2.7579000000    12.1270000000   302.0100000000     0.0206630000     0.1280530000     0.1168600000     0.0314260000     0.0525280000     0.0106330000    22.2900000000    32.8700000000   147.1000000000  3394.9000000000     0.1406900000     1.0066900000     1.1460200000     0.2466100000     0.5073000000     0.1524600000     9.6000000000  ]
X_mu    = [  17.2905056180    22.0537078652   113.9989325843   958.8191011236     0.1029017416     0.1413975281     0.1548533708     0.0858694944     0.1929050562     0.0628778652     0.6041977528     1.2619168539     4.2532471910    70.3340449438     0.0066793989     0.0304935393     0.0400644382     0.0148831573     0.0206775393     0.0039483090    20.9139325843    30.0450561798   139.5806741573  1395.3106741573     0.1446719663     0.3635430337     0.4380207303     0.1780294944     0.3257050562     0.0912138202     2.8657303371  ]
