y_range =  124.0000000000
y_mu    =   46.7752808989
X_range = [  16.2700000000    28.9000000000   110.2000000000  1888.4000000000     0.0697300000     0.2600900000     0.4028200000     0.1808900000     0.1732000000     0.0471900000     1.6136000000     3.1409000000    12.1270000000   302.0100000000     0.0284630000     0.1280530000     0.1328600000     0.0340960000     0.0525280000     0.0114730000    22.2900000000    32.8700000000   147.1000000000  3394.9000000000     0.1406900000     1.0066900000     1.1460200000     0.2613100000     0.5073000000     0.1524600000     9.6000000000  ]
X_mu    = [  17.4171348315    22.3105617978   114.8758426966   970.1646067416     0.1027559551     0.1422000562     0.1568625843     0.0865643258     0.1925837079     0.0627542135     0.6070955056     1.2850724719     4.2813820225    70.6496629213     0.0068535449     0.0314478876     0.0413065730     0.0150563596     0.0207455169     0.0040200225    21.0404494382    30.2511235955   140.3666292135  1406.4477528090     0.1440802247     0.3636685393     0.4380616854     0.1779353933     0.3233297753     0.0908608427     2.8466292135  ]
