y_range =  124.0000000000
y_mu    =   46.1348314607
X_range = [  16.2700000000    28.9000000000   110.2000000000  1888.4000000000     0.0697300000     0.2653500000     0.4028200000     0.1808900000     0.1732000000     0.0471900000     1.6252000000     2.7579000000    12.1270000000   302.0100000000     0.0284630000     0.1280530000     0.1328600000     0.0340960000     0.0517480000     0.0114730000    22.2900000000    32.5000000000   144.9800000000  3394.9000000000     0.1406900000     1.0066900000     1.1460200000     0.2613100000     0.5073000000     0.1524600000     9.6000000000  ]
X_mu    = [  17.4805617978    22.5691573034   115.2975842697   977.2230337079     0.1022422472     0.1416074719     0.1550337640     0.0864299438     0.1912516854     0.0623970225     0.5984926966     1.2705910112     4.2428370787    70.1013483146     0.0067273483     0.0312723034     0.0402530337     0.0149055787     0.0199863034     0.0039586742    21.1480337079    30.6579213483   141.2541011236  1422.6264044944     0.1438523034     0.3662478652     0.4350162360     0.1790058989     0.3213988764     0.0907362921     2.8589887640  ]
