y_range =  124.0000000000
y_mu    =   46.3764044944
X_range = [  14.6500000000    28.9000000000   100.9000000000  1648.4000000000     0.0697300000     0.2653500000     0.4028200000     0.1808900000     0.1732000000     0.0471900000     1.6252000000     3.1409000000    12.1270000000   302.0100000000     0.0284630000     0.1280530000     0.1328600000     0.0340960000     0.0525280000     0.0114730000    21.8900000000    32.8700000000   147.1000000000  3394.9000000000     0.1406900000     1.0066900000     1.1460200000     0.2466100000     0.5073000000     0.1524600000     9.6000000000  ]
X_mu    = [  17.3865168539    22.2025842697   114.6104494382   966.7983146067     0.1025613483     0.1410019663     0.1545383708     0.0859065730     0.1925983146     0.0626530899     0.6051275281     1.2805971910     4.2491910112    70.5707303371     0.0068113764     0.0310230337     0.0406294382     0.0151198539     0.0207145056     0.0039948315    20.9794943820    30.1078089888   139.9170786517  1399.8528089888     0.1438174719     0.3611469663     0.4317409551     0.1773345506     0.3245528090     0.0905761798     2.8797752809  ]
