y_range =  124.0000000000
y_mu    =   46.4943820225
X_range = [  16.2700000000    28.9000000000   110.2000000000  1888.4000000000     0.0697300000     0.2653500000     0.3999500000     0.1808900000     0.1732000000     0.0471900000     1.6136000000     3.1409000000    11.9360000000   302.0100000000     0.0284630000     0.1280530000     0.1328600000     0.0340960000     0.0506270000     0.0114730000    22.2900000000    32.8700000000   147.1000000000  3394.9000000000     0.1364900000     0.9782600000     1.0438000000     0.2245500000     0.5035000000     0.1510600000     9.6000000000  ]
X_mu    = [  17.4364044944    22.2739325843   115.0877528090   972.2516853933     0.1027133146     0.1445964607     0.1581239326     0.0874356180     0.1933758427     0.0629003371     0.5951157303     1.2507303371     4.2166516854    69.4177528090     0.0067698483     0.0318676404     0.0410285955     0.0150734494     0.0204049438     0.0040755562    20.9961235955    30.0969662921   140.3006741573  1398.7325842697     0.1440389888     0.3713165730     0.4407950000     0.1797070787     0.3237275281     0.0915736517     2.8870786517  ]
