y_range =  124.0000000000
y_mu    =   47.2752808989
X_range = [  14.7800000000    28.9000000000   102.3000000000  1648.4000000000     0.0697300000     0.2406500000     0.4028200000     0.1808900000     0.1732000000     0.0471900000     1.6252000000     3.1409000000    12.1270000000   302.0100000000     0.0284630000     0.1280530000     0.1328600000     0.0340960000     0.0517480000     0.0114730000    22.2900000000    30.4900000000   147.1000000000  3394.9000000000     0.1406900000     1.0066900000     1.1460200000     0.2613100000     0.5073000000     0.1524600000     9.6000000000  ]
X_mu    = [  17.3535955056    22.1714606742   114.4016853933   962.6359550562     0.1026274719     0.1419323596     0.1540624719     0.0857610674     0.1928938202     0.0626815730     0.6004387640     1.2501808989     4.2132359551    69.6708988764     0.0067014157     0.0310779775     0.0405077528     0.0149995056     0.0203575000     0.0039676404    20.9653370787    29.9960674157   139.8849438202  1396.1904494382     0.1436478090     0.3664419101     0.4362701685     0.1779142697     0.3243955056     0.0910180337     2.8140449438  ]
