y_range =  124.0000000000
y_mu    =   46.8651685393
X_range = [  16.2700000000    28.9000000000   110.2000000000  1888.4000000000     0.0697300000     0.2653500000     0.4028200000     0.1808900000     0.1732000000     0.0471900000     1.5362000000     3.1409000000    10.4070000000   302.0100000000     0.0284630000     0.1280530000     0.1328600000     0.0340960000     0.0525280000     0.0114730000    22.2900000000    32.5000000000   147.1000000000  3394.9000000000     0.1406900000     1.0066900000     1.1460200000     0.2613100000     0.5073000000     0.1524600000     9.6000000000  ]
X_mu    = [  17.3258988764    22.3347191011   114.3122471910   959.1915730337     0.1028959551     0.1440315730     0.1571242697     0.0867667416     0.1928808989     0.0628591573     0.5970314607     1.2671870787     4.2057696629    69.2162359551     0.0067903708     0.0317484270     0.0410830899     0.0151808876     0.0207056292     0.0040276798    20.8861235955    30.2059550562   139.4264606742  1387.2073033708     0.1440011798     0.3696980899     0.4378617416     0.1786828652     0.3240735955     0.0910233708     2.7921348315  ]
