y_range =  124.0000000000
y_mu    =   46.0730337079
X_range = [  16.2700000000    28.9000000000   110.2000000000  1888.4000000000     0.0697300000     0.2653500000     0.4028200000     0.1808900000     0.1616000000     0.0471900000     1.6136000000     3.1409000000    12.1270000000   302.0100000000     0.0206630000     0.1280530000     0.1168600000     0.0314260000     0.0525280000     0.0106330000    22.2900000000    32.8700000000   147.1000000000  3394.9000000000     0.1406900000     1.0066900000     1.1460200000     0.2613100000     0.5073000000     0.1524600000     9.6000000000  ]
X_mu    = [  17.3747752809    22.3793820225   114.5750000000   966.0028089888     0.1026136517     0.1423953933     0.1551942135     0.0864366854     0.1933488764     0.0628451124     0.6054932584     1.2888769663     4.2737696629    70.2246067416     0.0066986124     0.0310617416     0.0404097753     0.0151157247     0.0208109663     0.0039803708    20.9377528090    30.3283707865   139.7851685393  1393.4067415730     0.1436663483     0.3622958427     0.4329566854     0.1784794944     0.3235073034     0.0908081461     2.8601123596  ]
