y_range =  124.0000000000
y_mu    =   46.1123595506
X_range = [  16.2700000000    28.9000000000   110.2000000000  1888.4000000000     0.0697300000     0.2600900000     0.4028200000     0.1808900000     0.1732000000     0.0471900000     1.6252000000     3.1409000000    12.1270000000   302.0100000000     0.0284630000     0.1269780000     0.1310800000     0.0340960000     0.0525280000     0.0112740000    22.2900000000    30.4900000000   147.1000000000  3394.9000000000     0.1406900000     1.0066900000     1.1460200000     0.2613100000     0.5073000000     0.1524600000     9.6000000000  ]
X_mu    = [  17.4405617978    22.0333707865   115.1390449438   974.1915730337     0.1034993258     0.1459003933     0.1610496067     0.0883043820     0.1940522472     0.0631485393     0.6115185393     1.2658887640     4.3202640449    71.3131460674     0.0068449944     0.0319979382     0.0420901124     0.0153432921     0.0208170506     0.0040712472    21.0446067416    29.7839325843   140.7545505618  1409.2264044944     0.1447966854     0.3729974719     0.4487336517     0.1812080337     0.3249893258     0.0915746629     2.8612359551  ]
