y_range =  122.0000000000
y_mu    =   47.6966292135
X_range = [  16.2700000000    28.9000000000   110.2000000000  1888.4000000000     0.0697300000     0.2406500000     0.4028200000     0.1808900000     0.1732000000     0.0471900000     1.6252000000     2.7579000000    12.1270000000   302.0100000000     0.0284630000     0.1280530000     0.1328600000     0.0340960000     0.0525280000     0.0114730000    22.2900000000    32.8700000000   144.9800000000  3394.9000000000     0.1406900000     1.0066900000     1.1460200000     0.2613100000     0.5073000000     0.1524600000     9.6000000000  ]
X_mu    = [  17.4091573034    22.2324719101   114.8055617978   970.1005617978     0.1026573034     0.1414332584     0.1547657865     0.0858609551     0.1924033708     0.0625591011     0.5934292135     1.2385511236     4.1737640449    69.1960112360     0.0067779944     0.0308644045     0.0403875281     0.0148966854     0.0207398427     0.0039734888    21.0512921348    30.1226966292   140.4582022472  1409.9404494382     0.1442319101     0.3650900000     0.4378453933     0.1788126404     0.3262438202     0.0909950562     2.7792134831  ]
