y_range =  124.0000000000
y_mu    =   45.9325842697
X_range = [  16.2700000000    28.9000000000   110.2000000000  1888.4000000000     0.0697300000     0.2406500000     0.3999500000     0.1808900000     0.1370000000     0.0470000000     1.6136000000     3.0541000000    12.1270000000   302.0100000000     0.0284630000     0.1280530000     0.1328600000     0.0340960000     0.0506270000     0.0114730000    22.2900000000    32.8700000000   147.1000000000  3394.9000000000     0.1406900000     0.9782600000     1.0438000000     0.2245500000     0.5035000000     0.1510600000     9.6000000000  ]
X_mu    = [  17.5414044944    22.1784831461   115.6957865169   985.2314606742     0.1030457303     0.1422581461     0.1572002247     0.0877100000     0.1916398876     0.0626390449     0.6063758427     1.2563893258     4.2652865169    71.4478651685     0.0067538371     0.0309453258     0.0406206180     0.0150144719     0.0202276404     0.0039727191    21.2134269663    30.0769662921   141.5282022472  1432.0988764045     0.1442726966     0.3636778090     0.4363118539     0.1795520225     0.3207421348     0.0906837079     2.8769662921  ]
