y_range =  124.0000000000
y_mu    =   47.2191011236
X_range = [  16.2700000000    28.9000000000   110.2000000000  1888.4000000000     0.0697300000     0.2653500000     0.4028200000     0.1808900000     0.1732000000     0.0471900000     1.6136000000     3.1409000000    11.9360000000   302.0100000000     0.0284630000     0.1280530000     0.1328600000     0.0340960000     0.0525280000     0.0114730000    22.2900000000    32.8700000000   147.1000000000  3394.9000000000     0.1256700000     1.0066900000     1.1460200000     0.2613100000     0.5073000000     0.1524600000     9.6000000000  ]
X_mu    = [  17.5026966292    22.2331460674   115.5071348315   978.5398876404     0.1028952809     0.1442658989     0.1584897191     0.0880301124     0.1940522472     0.0627922472     0.6116460674     1.2536983146     4.3091797753    71.3915730337     0.0067252640     0.0313550562     0.0410767416     0.0151208483     0.0207205730     0.0040012247    21.1809550562    30.0171348315   141.4669662921  1424.6039325843     0.1435904494     0.3664008989     0.4397982584     0.1797385393     0.3252033708     0.0909106742     2.8016853933  ]
