y_range =  122.0000000000
y_mu    =   47.1853932584
X_range = [  16.2700000000    28.9000000000   110.2000000000  1888.4000000000     0.0697300000     0.2653500000     0.4028200000     0.1808900000     0.1732000000     0.0471900000     1.6252000000     3.1409000000    12.1270000000   302.0100000000     0.0284630000     0.1280530000     0.1328600000     0.0340960000     0.0525280000     0.0114730000    22.2900000000    32.8700000000   147.1000000000  3394.9000000000     0.1406900000     1.0066900000     1.1460200000     0.2613100000     0.5073000000     0.1524600000     9.6000000000  ]
X_mu    = [  17.3797191011    22.4041011236   114.6405617978   967.2595505618     0.1026297753     0.1429131461     0.1561456180     0.0864075281     0.1927904494     0.0628020787     0.6028691011     1.2801814607     4.2444943820    70.3987640449     0.0068282978     0.0314220449     0.0405447753     0.0149266124     0.0204501798     0.0039988596    21.0242134831    30.3767977528   140.3126966292  1407.6685393258     0.1442049438     0.3654840449     0.4353897753     0.1780418539     0.3235348315     0.0907334831     2.7674157303  ]
