y_range =  122.0000000000
y_mu    =   46.0280898876
X_range = [  16.2700000000    28.9000000000   110.2000000000  1888.4000000000     0.0697300000     0.2653500000     0.4028200000     0.1808900000     0.1616000000     0.0471900000     1.6252000000     3.1409000000    12.1270000000   302.0100000000     0.0206630000     0.1280530000     0.1168600000     0.0314260000     0.0525280000     0.0106330000    22.2900000000    32.8700000000   147.1000000000  3394.9000000000     0.1406900000     1.0066900000     1.1460200000     0.2613100000     0.5073000000     0.1524600000     9.6000000000  ]
X_mu    = [  17.4156179775    22.3091011236   114.8901123596   971.5662921348     0.1025521348     0.1429267416     0.1563017978     0.0867431461     0.1926915730     0.0626414607     0.6141932584     1.2737865169     4.3221123596    71.7710674157     0.0066565730     0.0310377528     0.0403498315     0.0150000281     0.0206914157     0.0039352978    21.0634831461    30.2479775281   140.5059550562  1412.7073033708     0.1439882584     0.3648952809     0.4365005056     0.1786716292     0.3229893258     0.0905632584     2.8685393258  ]
