y_range =  124.0000000000
y_mu    =   48.2303370787
X_range = [  16.2700000000    28.9000000000   110.2000000000  1888.4000000000     0.0687800000     0.2600900000     0.4028200000     0.1808900000     0.1732000000     0.0470000000     1.5362000000     3.1409000000    10.4070000000   302.0100000000     0.0282640000     0.1280530000     0.1328600000     0.0332610000     0.0525280000     0.0114730000    22.2900000000    32.8700000000   147.1000000000  3394.9000000000     0.1406900000     1.0066900000     1.1460200000     0.2613100000     0.5073000000     0.1524600000     9.6000000000  ]
X_mu    = [  17.4122471910    22.1157865169   114.9209550562   970.2005617978     0.1035159551     0.1450831461     0.1590079775     0.0882541011     0.1931786517     0.0630684270     0.6070410112     1.2500707865     4.2862977528    70.6845505618     0.0068143483     0.0317285562     0.0414083708     0.0152897978     0.0203998427     0.0040656461    21.0692134831    29.8883146067   140.7579775281  1412.1056179775     0.1450067978     0.3706146067     0.4445600562     0.1814019101     0.3218814607     0.0915884270     2.8455056180  ]
