y_range =  124.0000000000
y_mu    =   47.5617977528
X_range = [  16.2700000000    28.9000000000   110.2000000000  1878.9000000000     0.0697300000     0.2653500000     0.4028200000     0.1808900000     0.1732000000     0.0471900000     1.5362000000     3.1409000000    10.4070000000   301.5100000000     0.0284630000     0.0932530000     0.1328600000     0.0340960000     0.0525280000     0.0112740000    22.2900000000    32.8700000000   147.1000000000  3389.0000000000     0.1278900000     1.0066900000     1.0810200000     0.2613100000     0.5073000000     0.1524600000     9.6000000000  ]
X_mu    = [  17.4301685393    22.1426966292   114.9594943820   971.7258426966     0.1021520225     0.1415556180     0.1548455056     0.0863210674     0.1916550562     0.0625007303     0.6056629213     1.2564112360     4.2703146067    70.5610674157     0.0067838596     0.0308885337     0.0406108427     0.0151514551     0.0204672022     0.0039518315    21.0682584270    29.9299438202   140.4814606742  1411.2589887640     0.1431382584     0.3595329213     0.4315993820     0.1780379213     0.3216853933     0.0903040449     2.8365168539  ]
