y_range =  124.0000000000
y_mu    =   46.4325842697
X_range = [  14.7800000000    28.9000000000   102.3000000000  1648.4000000000     0.0697300000     0.2653500000     0.4028200000     0.1808900000     0.1732000000     0.0471900000     1.5362000000     3.1409000000    10.4070000000   302.0100000000     0.0284630000     0.1280530000     0.1328600000     0.0340960000     0.0517480000     0.0112740000    22.2900000000    32.8700000000   147.1000000000  3394.9000000000     0.1406900000     1.0066900000     1.1460200000     0.2613100000     0.5073000000     0.1524600000     9.6000000000  ]
X_mu    = [  17.3167415730    22.3459550562   114.2084831461   958.7713483146     0.1025349438     0.1421447753     0.1547965169     0.0856206180     0.1930112360     0.0627765730     0.5963983146     1.2804584270     4.2078146067    68.6704494382     0.0068345730     0.0314923034     0.0409784831     0.0151715843     0.0205787753     0.0040284944    20.8515168539    30.2212359551   139.1093258427  1380.2752808989     0.1438612921     0.3638396629     0.4343566854     0.1772825843     0.3232129213     0.0910597753     2.8303370787  ]
