y_range =  124.0000000000
y_mu    =   45.7078651685
X_range = [  16.2700000000    28.9000000000   110.2000000000  1888.4000000000     0.0697300000     0.2653500000     0.4028200000     0.1808900000     0.1732000000     0.0471900000     1.6252000000     2.7579000000    12.1270000000   302.0100000000     0.0284630000     0.1280530000     0.1328600000     0.0340960000     0.0525280000     0.0112740000    22.2900000000    32.8700000000   147.1000000000  3394.9000000000     0.1364900000     1.0066900000     1.0810200000     0.2613100000     0.5073000000     0.1524600000     9.6000000000  ]
X_mu    = [  17.3704494382    22.2071348315   114.5801123596   965.7910112360     0.1028800000     0.1422439326     0.1563826966     0.0867673596     0.1923488764     0.0627238202     0.6087578652     1.2656825843     4.2987528090    70.8084831461     0.0068270506     0.0315671348     0.0411267416     0.0152102865     0.0207145618     0.0040081685    20.9757303371    29.9952808989   139.9587640449  1398.5797752809     0.1436539888     0.3625329213     0.4339173596     0.1783056180     0.3220623596     0.0904692697     2.9117977528  ]
