y_range =  124.0000000000
y_mu    =   48.5056179775
X_range = [  16.2700000000    28.9000000000   110.2000000000  1888.4000000000     0.0687800000     0.2653500000     0.4028200000     0.1808900000     0.1732000000     0.0471900000     1.6252000000     3.1409000000    12.1270000000   302.0100000000     0.0283040000     0.1280530000     0.1328600000     0.0340960000     0.0525280000     0.0114730000    22.2900000000    32.8700000000   144.9800000000  3394.9000000000     0.1406900000     0.8865900000     1.1460200000     0.2613100000     0.5073000000     0.1179600000     9.6000000000  ]
X_mu    = [  17.5006179775    22.2203370787   115.4749438202   979.4730337079     0.1030065169     0.1431191011     0.1579419663     0.0878830899     0.1930252809     0.0626957865     0.6154348315     1.2647567416     4.3345056180    72.1628651685     0.0068715000     0.0313123034     0.0409892135     0.0152821236     0.0203796742     0.0040085449    21.1373033708    29.9764606742   141.0283146067  1421.0106741573     0.1442197191     0.3625349438     0.4340027528     0.1797470225     0.3200022472     0.0904358427     2.8179775281  ]
