y_range =  124.0000000000
y_mu    =   47.0617977528
X_range = [  16.2700000000    28.9000000000   110.2000000000  1888.4000000000     0.0697300000     0.2653500000     0.4028200000     0.1808900000     0.1732000000     0.0471900000     1.6252000000     3.1409000000    12.1270000000   302.0100000000     0.0284630000     0.1280530000     0.1328600000     0.0340960000     0.0525280000     0.0114730000    22.2900000000    32.8700000000   147.1000000000  3394.9000000000     0.1298700000     1.0066900000     1.1460200000     0.2613100000     0.5073000000     0.1524600000     9.6000000000  ]
X_mu    = [  17.4138764045    22.1514044944   114.8961797753   970.5960674157     0.1031096067     0.1441299438     0.1585455056     0.0880453371     0.1930275281     0.0629096067     0.5990561798     1.2483561798     4.2386573034    70.1350561798     0.0066991517     0.0314919719     0.0410257303     0.0150383483     0.0205119775     0.0039869326    21.0544382022    30.0348314607   140.6329213483  1410.4331460674     0.1444365169     0.3724767416     0.4458982584     0.1812944944     0.3260089888     0.0914532584     2.7651685393  ]
