y_range =  124.0000000000
y_mu    =   45.1516853933
X_range = [  16.1400000000    23.4900000000   108.8000000000  1888.4000000000     0.0697300000     0.2653500000     0.4028200000     0.1808900000     0.1616000000     0.0321800000     1.6136000000     3.1409000000    12.1270000000   302.0100000000     0.0206630000     0.1280530000     0.1168600000     0.0314260000     0.0525280000     0.0106330000    21.8900000000    32.8700000000   147.1000000000  3394.9000000000     0.1298700000     1.0066900000     1.1460200000     0.2613100000     0.4209000000     0.1524600000     9.6000000000  ]
X_mu    = [  17.4200561798    22.1419101124   114.9310674157   970.7511235955     0.1028274157     0.1427308989     0.1580602247     0.0873702809     0.1930174157     0.0627728090     0.6053235955     1.2747966292     4.2737247191    70.5639887640     0.0066950000     0.0309060112     0.0410465169     0.0151354101     0.0205319775     0.0039748596    20.9723033708    30.0242134831   140.1110674157  1399.7421348315     0.1435887640     0.3612739326     0.4398662360     0.1788661236     0.3217404494     0.0906532022     2.7893258427  ]
