y_range =  122.0000000000
y_mu    =   45.9550561798
X_range = [  16.1400000000    28.9000000000   108.8000000000  1888.4000000000     0.0697300000     0.2653500000     0.4028200000     0.1808900000     0.1732000000     0.0471900000     1.6252000000     3.0273000000    12.1270000000   302.0100000000     0.0284630000     0.1280530000     0.1328600000     0.0340960000     0.0517480000     0.0114730000    21.8900000000    32.8700000000   147.1000000000  3394.9000000000     0.1406900000     1.0066900000     1.1460200000     0.2466100000     0.5073000000     0.1524600000     9.6000000000  ]
X_mu    = [  17.5041011236    22.4339325843   115.4871910112   980.8466292135     0.1026485393     0.1430376966     0.1577078652     0.0874574157     0.1929556180     0.0626805618     0.6099252809     1.2875550562     4.3125168539    71.4879775281     0.0067885730     0.0313779213     0.0410807865     0.0151791124     0.0206001798     0.0039959157    21.1087640449    30.2717415730   141.0311235955  1418.1994382022     0.1435944382     0.3637531461     0.4368454494     0.1789283708     0.3230674157     0.0904850562     2.8747191011  ]
