y_range =  124.0000000000
y_mu    =   48.0898876404
X_range = [  14.7800000000    28.9000000000   102.3000000000  1648.4000000000     0.0697300000     0.2406500000     0.4028200000     0.1808900000     0.1732000000     0.0471900000     1.6252000000     3.1409000000    12.1270000000   302.0100000000     0.0284630000     0.1280530000     0.1328600000     0.0340960000     0.0525280000     0.0112740000    22.2900000000    32.8700000000   144.9800000000  3394.9000000000     0.1406900000     1.0066900000     1.1460200000     0.2613100000     0.5073000000     0.1524600000     9.6000000000  ]
X_mu    = [  17.2580898876    22.3262359551   113.7901685393   951.4174157303     0.1027979213     0.1422289326     0.1542642135     0.0855312360     0.1934741573     0.0628080337     0.5969005618     1.2728960674     4.1936741573    68.7605617978     0.0068006067     0.0315753876     0.0408216854     0.0150139326     0.0208437191     0.0040272921    20.8144943820    30.2330898876   138.8374157303  1372.2000000000     0.1443966854     0.3689877528     0.4370184831     0.1774761236     0.3258511236     0.0913922472     2.7292134831  ]
