y_range =  124.0000000000
y_mu    =   47.2921348315
X_range = [  16.2700000000    27.3900000000   110.2000000000  1888.4000000000     0.0697300000     0.2653500000     0.4028200000     0.1808900000     0.1732000000     0.0471900000     1.6252000000     3.1409000000    12.1270000000   302.0100000000     0.0284630000     0.1280530000     0.1328600000     0.0340960000     0.0517480000     0.0114730000    22.2900000000    32.8700000000   144.9800000000  3394.9000000000     0.1364900000     1.0066900000     1.0810200000     0.2613100000     0.5073000000     0.1524600000     9.6000000000  ]
X_mu    = [  17.3721348315    22.4390449438   114.6094382022   966.0297752809     0.1024040449     0.1427084270     0.1550151685     0.0859910112     0.1927359551     0.0627852247     0.5932471910     1.2814191011     4.2001123596    69.0632584270     0.0068052416     0.0315544944     0.0405024719     0.0150351067     0.0205280449     0.0039986236    20.9417415730    30.4052247191   139.8003370787  1395.5595505618     0.1437506180     0.3661214607     0.4324066854     0.1776474719     0.3240977528     0.0909683708     2.8533707865  ]
