y_range =  124.0000000000
y_mu    =   45.3314606742
X_range = [  16.2700000000    28.9000000000   110.2000000000  1888.4000000000     0.0697300000     0.2406500000     0.4028200000     0.1808900000     0.1732000000     0.0470000000     1.6252000000     3.1409000000    11.9460000000   302.0100000000     0.0284630000     0.1280530000     0.1328600000     0.0340960000     0.0525280000     0.0114730000    22.2900000000    32.8700000000   147.1000000000  3394.9000000000     0.1406900000     0.8865900000     1.1460200000     0.2466100000     0.5073000000     0.1179600000     9.6000000000  ]
X_mu    = [  17.5275280899    22.4105617978   115.5818539326   983.2679775281     0.1023723034     0.1410974719     0.1555262921     0.0867390449     0.1912471910     0.0623932022     0.6152101124     1.2832348315     4.3445280899    72.1756179775     0.0067581798     0.0312532472     0.0409173034     0.0151316742     0.0205898989     0.0039607865    21.1553370787    30.2438202247   141.2309550562  1423.6646067416     0.1427152247     0.3590610112     0.4305937640     0.1770160112     0.3192337079     0.0895092135     2.9297752809  ]
