y_range =  124.0000000000
y_mu    =   48.1348314607
X_range = [  16.2700000000    27.3900000000   110.2000000000  1888.4000000000     0.0697300000     0.2406500000     0.4028200000     0.1808900000     0.1732000000     0.0471900000     1.6252000000     3.1409000000    12.1270000000   302.0100000000     0.0284630000     0.1280530000     0.1328600000     0.0340960000     0.0525280000     0.0112740000    22.2900000000    30.4900000000   147.1000000000  3394.9000000000     0.1298700000     1.0066900000     1.0810200000     0.2613100000     0.5073000000     0.1524600000     9.6000000000  ]
X_mu    = [  17.3493820225    22.0469662921   114.3819101124   964.0292134831     0.1032034831     0.1413382022     0.1549124719     0.0864288202     0.1921691011     0.0626376966     0.5965803371     1.2497224719     4.1792584270    69.4995505618     0.0068291573     0.0310510056     0.0403002247     0.0150308820     0.0203189045     0.0040002640    20.9647752809    29.8482584270   139.6714044944  1399.4612359551     0.1449337079     0.3647351685     0.4334415169     0.1785751124     0.3228033708     0.0910394382     2.8033707865  ]
