y_range =  124.0000000000
y_mu    =   47.0393258427
X_range = [  16.2700000000    28.9000000000   110.2000000000  1888.4000000000     0.0687800000     0.2653500000     0.4028200000     0.1741600000     0.1732000000     0.0471900000     1.6252000000     3.1409000000    12.1270000000   302.0100000000     0.0283040000     0.1269780000     0.1327900000     0.0340960000     0.0517480000     0.0114730000    22.2900000000    32.8700000000   147.1000000000  3394.9000000000     0.1406900000     1.0066900000     1.1460200000     0.2613100000     0.5073000000     0.1524600000     9.6000000000  ]
X_mu    = [  17.4066292135    22.3278651685   114.8519662921   970.6971910112     0.1028751124     0.1438174157     0.1577142697     0.0870056180     0.1922460674     0.0628343258     0.6008629213     1.2727280899     4.2308764045    70.0876966292     0.0067883989     0.0318598708     0.0412450562     0.0149852247     0.0205803483     0.0040152247    21.0334269663    30.2515730337   140.4034269663  1409.2314606742     0.1444768539     0.3725281461     0.4448223596     0.1796598876     0.3241601124     0.0915070225     2.8623595506  ]
