y_range =  124.0000000000
y_mu    =   46.9438202247
X_range = [  16.2700000000    28.9000000000   110.2000000000  1888.4000000000     0.0697300000     0.2653500000     0.4028200000     0.1808900000     0.1732000000     0.0471900000     1.6252000000     3.1409000000    12.1270000000   302.0100000000     0.0284630000     0.1269780000     0.1327900000     0.0340960000     0.0525280000     0.0114730000    22.2900000000    32.8700000000   147.1000000000  3394.9000000000     0.1406900000     1.0066900000     1.1460200000     0.2466100000     0.5073000000     0.1524600000     9.6000000000  ]
X_mu    = [  17.4237640449    22.2137078652   114.9296067416   973.9432584270     0.1030653933     0.1426839888     0.1569528652     0.0872430337     0.1932387640     0.0629315169     0.6169719101     1.2777471910     4.3305617978    72.2588764045     0.0068292079     0.0309900169     0.0405992697     0.0151886742     0.0208210787     0.0040588034    21.0437078652    30.0057865169   140.3385393258  1412.8775280899     0.1439169101     0.3592685955     0.4300510674     0.1776833146     0.3234213483     0.0910262921     2.8589887640  ]
