y_range =  122.0000000000
y_mu    =   46.9550561798
X_range = [  16.2700000000    21.9800000000   110.2000000000  1878.9000000000     0.0697300000     0.2653500000     0.4028200000     0.1808900000     0.1732000000     0.0471900000     1.6252000000     2.6711000000    12.1270000000   301.5100000000     0.0284630000     0.1280530000     0.1328600000     0.0340960000     0.0525280000     0.0114730000    22.2900000000    32.8700000000   144.9800000000  3389.0000000000     0.1298700000     1.0066900000     1.1460200000     0.2613100000     0.5073000000     0.1524600000     9.6000000000  ]
X_mu    = [  17.3598314607    22.2625842697   114.4947191011   963.1617977528     0.1029393258     0.1423354494     0.1565991573     0.0867520225     0.1930084270     0.0627879213     0.5945960674     1.2624668539     4.1968932584    68.5086516854     0.0068050899     0.0313648876     0.0411860674     0.0151668258     0.0207390562     0.0040248034    20.8979213483    30.1367415730   139.5123595506  1385.1095505618     0.1439286517     0.3620506742     0.4372190449     0.1785599438     0.3237084270     0.0907792135     2.8353932584  ]
