y_range =  124.0000000000
y_mu    =   46.6348314607
X_range = [  14.6500000000    28.9000000000   100.9000000000  1648.4000000000     0.0697300000     0.2653500000     0.4028200000     0.1808900000     0.1732000000     0.0471900000     1.6252000000     3.0541000000    12.1270000000   302.0100000000     0.0284630000     0.1280530000     0.1328600000     0.0340960000     0.0525280000     0.0114730000    21.8900000000    32.8700000000   147.1000000000  3394.9000000000     0.1406900000     1.0066900000     1.1460200000     0.2613100000     0.5073000000     0.1524600000     9.6000000000  ]
X_mu    = [  17.4362921348    22.3293820225   115.0193820225   970.4949438202     0.1027996629     0.1434066292     0.1584174719     0.0875237079     0.1930275281     0.0627369663     0.6000893258     1.2511219101     4.2306123596    69.8265730337     0.0068109326     0.0315355281     0.0414328090     0.0151513034     0.0207008539     0.0039871292    21.0238764045    30.1655056180   140.3474157303  1402.3915730337     0.1439156180     0.3678452809     0.4417055056     0.1805446629     0.3246882022     0.0907843258     2.8500000000  ]
