y_range =  124.0000000000
y_mu    =   48.1011235955
X_range = [  16.2700000000    28.9000000000   110.2000000000  1878.9000000000     0.0697300000     0.2406500000     0.4028200000     0.1808900000     0.1732000000     0.0464800000     1.5362000000     3.1409000000    10.4070000000   301.5100000000     0.0284630000     0.1280530000     0.1328600000     0.0340960000     0.0525280000     0.0112740000    22.2900000000    32.8700000000   147.1000000000  3389.0000000000     0.1406900000     0.8813900000     1.1460200000     0.2613100000     0.5073000000     0.1179600000     9.6000000000  ]
X_mu    = [  17.4420786517    22.2741011236   115.0307303371   973.1674157303     0.1027783146     0.1421892135     0.1563815730     0.0871044382     0.1923438202     0.0625952809     0.6047191011     1.2578202247     4.2585730337    70.6306179775     0.0067859326     0.0313950393     0.0408210112     0.0151875000     0.0205220337     0.0039970562    21.0753932584    30.0365730337   140.6929775281  1412.7988764045     0.1437876966     0.3636683146     0.4352353371     0.1792019663     0.3226213483     0.0904947191     2.8303370787  ]
