y_range =  124.0000000000
y_mu    =   47.7865168539
X_range = [  16.2700000000    28.9000000000   110.2000000000  1888.4000000000     0.0697300000     0.2653500000     0.4028200000     0.1808900000     0.1732000000     0.0471900000     1.6252000000     3.1409000000    12.1270000000   302.0100000000     0.0284630000     0.1280530000     0.1328600000     0.0340960000     0.0525280000     0.0114730000    22.2900000000    28.7400000000   147.1000000000  3394.9000000000     0.1256700000     1.0066900000     1.1460200000     0.2613100000     0.5073000000     0.1524600000     9.6000000000  ]
X_mu    = [  17.3211797753    22.1620224719   114.2679775281   958.9926966292     0.1024772472     0.1424526404     0.1549829775     0.0858949438     0.1925101124     0.0626291573     0.5872573034     1.2518483146     4.1484943820    67.2981460674     0.0068088933     0.0314142135     0.0408959551     0.0151247135     0.0206487921     0.0040008427    20.8066292135    29.8742134831   138.9997752809  1372.0011235955     0.1432730337     0.3649346067     0.4339196067     0.1774105056     0.3232314607     0.0907357303     2.8691011236  ]
