y_range =  124.0000000000
y_mu    =   47.5674157303
X_range = [  16.2700000000    28.9000000000   110.2000000000  1888.4000000000     0.0697300000     0.2653500000     0.4028200000     0.1808900000     0.1732000000     0.0471900000     1.6252000000     3.1409000000    12.1270000000   302.0100000000     0.0284630000     0.1280530000     0.1328600000     0.0340960000     0.0525280000     0.0114730000    22.2900000000    32.8700000000   147.1000000000  3394.9000000000     0.1364900000     1.0066900000     1.1460200000     0.2613100000     0.5073000000     0.1524600000     9.6000000000  ]
X_mu    = [  17.4005617978    22.3512921348   114.7851123596   969.4061797753     0.1026953933     0.1427071348     0.1565697191     0.0868434831     0.1926207865     0.0627368539     0.6011747191     1.2626117978     4.2300337079    70.2462359551     0.0067651742     0.0310560337     0.0406150000     0.0149608933     0.0205953483     0.0039717360    20.9886516854    30.1623595506   140.0806741573  1402.6286516854     0.1438392135     0.3645874157     0.4362819101     0.1782660112     0.3245275281     0.0908717978     2.8213483146  ]
