y_range =  124.0000000000
y_mu    =   46.8876404494
X_range = [  16.1400000000    28.9000000000   108.8000000000  1888.4000000000     0.0697300000     0.2653500000     0.4028200000     0.1808900000     0.1732000000     0.0471900000     1.6252000000     3.1409000000    12.1270000000   302.0100000000     0.0284630000     0.1269780000     0.1327900000     0.0340960000     0.0525280000     0.0114730000    21.8900000000    32.3300000000   147.1000000000  3394.9000000000     0.1406900000     1.0066900000     1.1460200000     0.2466100000     0.5073000000     0.1524600000     9.6000000000  ]
X_mu    = [  17.3482584270    22.3911797753   114.4082022472   964.4449438202     0.1026742135     0.1422677528     0.1554629775     0.0862787640     0.1928719101     0.0628198315     0.6118275281     1.2729505618     4.3180617978    71.1214606742     0.0067722022     0.0313902978     0.0407556180     0.0151106854     0.0207472584     0.0040150899    20.9627528090    30.2192696629   140.0193258427  1399.6264044944     0.1438725281     0.3640669101     0.4338594944     0.1776541011     0.3234179775     0.0908629775     2.8415730337  ]
