y_range =  124.0000000000
y_mu    =   46.5168539326
X_range = [  16.2700000000    28.9000000000   110.2000000000  1888.4000000000     0.0697300000     0.2653500000     0.4028200000     0.1808900000     0.1732000000     0.0471900000     1.6252000000     2.7579000000    12.1270000000   302.0100000000     0.0284630000     0.0932530000     0.1328600000     0.0340960000     0.0525280000     0.0114730000    22.2900000000    30.4900000000   147.1000000000  3394.9000000000     0.1406900000     1.0066900000     1.1460200000     0.2613100000     0.5073000000     0.1524600000     9.6000000000  ]
X_mu    = [  17.4241573034    22.2825842697   114.9138202247   972.1668539326     0.1024367416     0.1420826966     0.1551613483     0.0865610112     0.1923758427     0.0626812360     0.6042264045     1.2529904494     4.2678820225    70.7760674157     0.0067009045     0.0306926966     0.0401488202     0.0150585000     0.0203960225     0.0039688427    21.0700000000    30.0971348315   140.7222471910  1413.6016853933     0.1432933146     0.3639643820     0.4348269101     0.1789497191     0.3234893258     0.0906652809     2.7983146067  ]
