y_range =  124.0000000000
y_mu    =   46.9887640449
X_range = [  16.2700000000    28.9000000000   110.2000000000  1888.4000000000     0.0697300000     0.2653500000     0.4028200000     0.1808900000     0.1370000000     0.0464800000     1.6252000000     3.1409000000    12.1270000000   302.0100000000     0.0284630000     0.1280530000     0.1328600000     0.0340960000     0.0525280000     0.0114730000    22.2900000000    32.8700000000   147.1000000000  3394.9000000000     0.1406900000     1.0066900000     1.1460200000     0.2613100000     0.5073000000     0.1524600000     9.6000000000  ]
X_mu    = [  17.4029213483    22.3256179775   114.8357303371   970.6426966292     0.1027184831     0.1437573596     0.1566604494     0.0868639888     0.1924994382     0.0629514607     0.6028191011     1.2620466292     4.2420674157    70.4084269663     0.0067964157     0.0316501573     0.0408934270     0.0151545281     0.0204588876     0.0040339270    21.0195505618    30.2143258427   140.2913483146  1406.0544943820     0.1446871348     0.3712216854     0.4401892697     0.1800884831     0.3243117978     0.0916873596     2.8286516854  ]
