y_range =  124.0000000000
y_mu    =   45.8539325843
X_range = [  16.2700000000    28.9000000000   110.2000000000  1888.4000000000     0.0697300000     0.2653500000     0.4028200000     0.1808900000     0.1732000000     0.0471900000     1.6136000000     3.1409000000    12.1270000000   302.0100000000     0.0284630000     0.0932530000     0.1328600000     0.0340960000     0.0525280000     0.0114730000    22.2900000000    30.4900000000   147.1000000000  3394.9000000000     0.1364900000     1.0066900000     1.1460200000     0.2613100000     0.5073000000     0.1524600000     9.6000000000  ]
X_mu    = [  17.4248314607    22.2165168539   114.9635955056   971.6522471910     0.1023660112     0.1421025281     0.1574150562     0.0868922472     0.1923679775     0.0625223596     0.6080314607     1.2592146067     4.2930898876    70.7042134831     0.0067581685     0.0308997753     0.0413284831     0.0152109494     0.0206335112     0.0039382472    21.0205056180    29.9721348315   140.5244943820  1405.4033707865     0.1429596067     0.3612329213     0.4379639888     0.1780738764     0.3217522472     0.0900328090     2.8719101124  ]
