y_range =  122.0000000000
y_mu    =   45.8370786517
X_range = [  14.7800000000    28.9000000000   102.3000000000  1648.4000000000     0.0697300000     0.2653500000     0.4028200000     0.1781300000     0.1370000000     0.0471900000     1.6252000000     3.1409000000    12.1270000000   302.0100000000     0.0284630000     0.0932530000     0.1328600000     0.0340960000     0.0525280000     0.0114730000    22.2900000000    32.8700000000   147.1000000000  3394.9000000000     0.1406900000     1.0066900000     1.1460200000     0.2613100000     0.5073000000     0.1524600000     9.6000000000  ]
X_mu    = [  17.4119101124    22.2691573034   114.8954494382   970.9213483146     0.1027080337     0.1428267416     0.1562237640     0.0866756742     0.1921370787     0.0627387079     0.6074455056     1.2593280899     4.2976629213    71.0933707865     0.0067413539     0.0308778652     0.0404485393     0.0150983876     0.0203870899     0.0039632472    21.0318539326    30.0927528090   140.5773033708  1408.9511235955     0.1438230899     0.3646121348     0.4351190449     0.1786132022     0.3222741573     0.0908128090     2.7960674157  ]
