y_range =  122.0000000000
y_mu    =   46.7359550562
X_range = [  16.2700000000    28.9000000000   110.2000000000  1888.4000000000     0.0697300000     0.2406500000     0.4028200000     0.1808900000     0.1732000000     0.0471900000     1.6252000000     3.1409000000    12.1270000000   302.0100000000     0.0284630000     0.1280530000     0.1328600000     0.0340960000     0.0525280000     0.0114730000    22.2900000000    32.5000000000   144.9800000000  3394.9000000000     0.1298700000     1.0066900000     1.1460200000     0.2613100000     0.5073000000     0.1524600000     8.6000000000  ]
X_mu    = [  17.4836516854    22.3197191011   115.3664044944   977.4691011236     0.1031174157     0.1440454494     0.1584638764     0.0882018539     0.1932629213     0.0627379775     0.6069578652     1.2546966292     4.2740056180    71.0108988764     0.0067500337     0.0315579831     0.0411339326     0.0152027472     0.0206679157     0.0040336742    21.1469662921    30.1915730337   141.1834831461  1421.7404494382     0.1445926966     0.3684017978     0.4415308427     0.1813467416     0.3247898876     0.0912203371     2.7943820225  ]
