y_range =  124.0000000000
y_mu    =   46.4382022472
X_range = [  16.2700000000    28.9000000000   110.2000000000  1888.4000000000     0.0697300000     0.2653500000     0.4028200000     0.1808900000     0.1732000000     0.0471900000     1.6252000000     3.1409000000    12.1270000000   302.0100000000     0.0284630000     0.1280530000     0.1328600000     0.0340960000     0.0525280000     0.0114730000    22.2900000000    32.8700000000   147.1000000000  3394.9000000000     0.1364900000     1.0066900000     1.1460200000     0.2613100000     0.5073000000     0.1524600000     9.6000000000  ]
X_mu    = [  17.4367977528    22.3149438202   115.0712359551   973.8893258427     0.1025488202     0.1433027528     0.1578247753     0.0870887079     0.1930747191     0.0627817416     0.6029500000     1.2575320225     4.2550000000    70.3361797753     0.0067603315     0.0311721011     0.0408041573     0.0149225955     0.0203686067     0.0039835056    21.0528089888    30.1878651685   140.6604494382  1410.8668539326     0.1438178652     0.3654508989     0.4383942697     0.1793294944     0.3238617978     0.0908670787     2.7348314607  ]
