y_range =  124.0000000000
y_mu    =   47.7359550562
X_range = [  16.2700000000    28.9000000000   110.2000000000  1888.4000000000     0.0697300000     0.2406500000     0.4028200000     0.1808900000     0.1732000000     0.0471900000     1.6136000000     3.1409000000    12.1270000000   302.0100000000     0.0284630000     0.1280530000     0.1328600000     0.0340960000     0.0525280000     0.0114730000    22.2900000000    32.8700000000   147.1000000000  3394.9000000000     0.1406900000     1.0066900000     1.1460200000     0.2613100000     0.5073000000     0.1524600000     9.6000000000  ]
X_mu    = [  17.3343258427    22.2361797753   114.3112359551   961.1752808989     0.1028039888     0.1420124157     0.1548489888     0.0858642135     0.1918241573     0.0628408989     0.5922393258     1.2572073034     4.1807808989    68.5540449438     0.0068225393     0.0315318202     0.0409917978     0.0149737247     0.0203528202     0.0040637247    20.8732022472    30.0596629213   139.2911797753  1382.8483146067     0.1441189888     0.3652913483     0.4377987640     0.1778480337     0.3208404494     0.0914203933     2.8634831461  ]
