y_range =  124.0000000000
y_mu    =   47.3651685393
X_range = [  16.1400000000    28.9000000000   108.8000000000  1888.4000000000     0.0697300000     0.2600900000     0.4028200000     0.1781300000     0.1732000000     0.0470000000     1.6252000000     3.1409000000    12.1270000000   302.0100000000     0.0284630000     0.1280530000     0.1328600000     0.0340960000     0.0525280000     0.0114730000    21.8900000000    32.8700000000   147.1000000000  3394.9000000000     0.1406900000     1.0066900000     1.0810200000     0.2613100000     0.5073000000     0.1524600000     9.6000000000  ]
X_mu    = [  17.4396067416    22.0897752809   115.0796629213   972.8893258427     0.1028951685     0.1439284270     0.1566220225     0.0874658427     0.1929837079     0.0629090449     0.6098741573     1.2652308989     4.3098932584    71.3351123596     0.0067731404     0.0313217865     0.0403843258     0.0151846124     0.0206436067     0.0040411629    21.0965730337    29.9121348315   141.0165168539  1416.2000000000     0.1441809551     0.3663039326     0.4310999438     0.1794516854     0.3239606742     0.0911774719     2.8848314607  ]
