y_range =  122.0000000000
y_mu    =   47.0056179775
X_range = [  16.2700000000    28.9000000000   110.2000000000  1888.4000000000     0.0697300000     0.2653500000     0.4028200000     0.1808900000     0.1732000000     0.0471900000     1.6252000000     3.1409000000    12.1270000000   302.0100000000     0.0284630000     0.1280530000     0.1328600000     0.0340960000     0.0525280000     0.0114730000    22.2900000000    32.8700000000   147.1000000000  3394.9000000000     0.1406900000     1.0066900000     1.1460200000     0.2613100000     0.5073000000     0.1524600000     9.6000000000  ]
X_mu    = [  17.3806741573    22.3960674157   114.7014044944   966.5702247191     0.1032272472     0.1443564045     0.1577012921     0.0874155618     0.1928713483     0.0630203371     0.6026455056     1.2644331461     4.2588033708    70.0511797753     0.0067527472     0.0313285955     0.0408742697     0.0151051629     0.0203941124     0.0040203427    20.9707303371    30.2482584270   140.1471348315  1398.0561797753     0.1448084831     0.3688862921     0.4405263483     0.1802378652     0.3241511236     0.0914265169     2.8230337079  ]
