y_range =  124.0000000000
y_mu    =   47.7977528090
X_range = [  16.2700000000    28.9000000000   110.2000000000  1888.4000000000     0.0697300000     0.2653500000     0.4028200000     0.1808900000     0.1732000000     0.0471900000     1.5362000000     2.7579000000    10.4070000000   302.0100000000     0.0284630000     0.1269780000     0.1327900000     0.0340960000     0.0525280000     0.0114730000    22.2900000000    32.8700000000   147.1000000000  3394.9000000000     0.1406900000     1.0066900000     1.1460200000     0.2613100000     0.5073000000     0.1524600000     9.6000000000  ]
X_mu    = [  17.2675842697    22.2830898876   113.8696629213   954.7247191011     0.1026483708     0.1420666292     0.1544033146     0.0854976966     0.1932882022     0.0628230899     0.5886533708     1.2556668539     4.1550898876    67.8874719101     0.0068245112     0.0315139157     0.0406210674     0.0149881292     0.0206408539     0.0040047191    20.8579213483    30.2620786517   139.3031460674  1382.9000000000     0.1447431461     0.3680876966     0.4378684270     0.1788001685     0.3264617978     0.0913376404     2.8623595506  ]
