y_range =  124.0000000000
y_mu    =   46.7865168539
X_range = [  16.2700000000    28.9000000000   110.2000000000  1888.4000000000     0.0675300000     0.2653500000     0.3339200000     0.1709900000     0.1732000000     0.0471900000     1.6252000000     3.1409000000    12.1270000000   302.0100000000     0.0284630000     0.1280530000     0.1328600000     0.0340960000     0.0525280000     0.0114730000    22.2900000000    32.8700000000   147.1000000000  3394.9000000000     0.1298700000     1.0066900000     1.0810200000     0.2613100000     0.5073000000     0.1524600000     9.6000000000  ]
X_mu    = [  17.3078651685    22.2459550562   114.1806741573   958.5691011236     0.1029231461     0.1429770787     0.1567051124     0.0869166854     0.1932056180     0.0628859551     0.5970780899     1.2626589888     4.2193033708    69.0800561798     0.0067533876     0.0308932079     0.0406369663     0.0151779494     0.0207739438     0.0039715955    20.9201123596    30.2000000000   139.7284269663  1393.1640449438     0.1445286517     0.3624576404     0.4346505056     0.1793180899     0.3252674157     0.0908032022     2.8589887640  ]
