y_range =  124.0000000000
y_mu    =   46.0674157303
X_range = [  16.2700000000    28.9000000000   110.2000000000  1888.4000000000     0.0697300000     0.2653500000     0.4028200000     0.1808900000     0.1616000000     0.0471900000     1.6252000000     3.1409000000    12.1270000000   302.0100000000     0.0206630000     0.1280530000     0.1168600000     0.0314260000     0.0525280000     0.0106330000    22.2900000000    30.4900000000   147.1000000000  3394.9000000000     0.1406900000     1.0066900000     1.1460200000     0.2613100000     0.5073000000     0.1524600000     9.6000000000  ]
X_mu    = [  17.4275280899    22.2191573034   115.0119101124   973.8179775281     0.1026734270     0.1432209551     0.1563080899     0.0872042697     0.1930904494     0.0627501124     0.6044129213     1.2607235955     4.2868089888    70.9762921348     0.0065578371     0.0309021348     0.0401919101     0.0149476517     0.0204685112     0.0039416854    21.0870224719    30.1674157303   141.0542696629  1417.0926966292     0.1440180337     0.3686688764     0.4400830899     0.1800103933     0.3250426966     0.0911557303     2.8089887640  ]
