y_range =  122.0000000000
y_mu    =   46.0617977528
X_range = [  16.2700000000    23.1800000000   110.2000000000  1888.4000000000     0.0697300000     0.2653500000     0.3999500000     0.1808900000     0.1732000000     0.0471900000     1.5362000000     3.1409000000    10.4070000000   302.0100000000     0.0284630000     0.1280530000     0.1328600000     0.0340960000     0.0506270000     0.0114730000    22.2900000000    32.8700000000   147.1000000000  3394.9000000000     0.1406900000     0.9782600000     1.1088000000     0.2245500000     0.5035000000     0.1510600000     9.6000000000  ]
X_mu    = [  17.3496067416    22.1639887640   114.4449438202   963.1000000000     0.1029476404     0.1427809551     0.1564921910     0.0868088764     0.1932207865     0.0628669101     0.5952994382     1.2745308989     4.2125617978    69.1458426966     0.0068197303     0.0312792697     0.0409676966     0.0150753876     0.0206706180     0.0040289326    20.8943258427    30.1605056180   139.5894382022  1387.8606741573     0.1443771910     0.3628671348     0.4362000562     0.1779711236     0.3237387640     0.0908928090     2.8286516854  ]
