y_range =  124.0000000000
y_mu    =   45.2528089888
X_range = [  16.2700000000    28.9000000000   110.2000000000  1888.4000000000     0.0697300000     0.2406500000     0.4028200000     0.1808900000     0.1732000000     0.0471900000     1.6252000000     3.1409000000    11.9460000000   302.0100000000     0.0284630000     0.1280530000     0.1328600000     0.0340960000     0.0525280000     0.0114730000    22.2900000000    32.8700000000   147.1000000000  3394.9000000000     0.1406900000     0.8865900000     1.1460200000     0.2613100000     0.5073000000     0.1179600000     9.6000000000  ]
X_mu    = [  17.5484831461    22.3495505618   115.7241573034   984.6089887640     0.1026087640     0.1414156742     0.1563748315     0.0871333708     0.1917837079     0.0624154494     0.6119657303     1.2695404494     4.3070561798    71.5286516854     0.0067663596     0.0311594663     0.0407689888     0.0150326573     0.0206028764     0.0039536067    21.2176404494    30.1940449438   141.6065168539  1429.3162921348     0.1435734831     0.3591688764     0.4326307865     0.1783325843     0.3209646067     0.0896457865     2.8612359551  ]
