y_range =  124.0000000000
y_mu    =   46.2528089888
X_range = [  16.2700000000    28.9000000000   110.2000000000  1888.4000000000     0.0697300000     0.2653500000     0.4028200000     0.1808900000     0.1732000000     0.0471900000     1.6252000000     3.1409000000    12.1270000000   302.0100000000     0.0284630000     0.1280530000     0.1328600000     0.0340960000     0.0525280000     0.0114730000    22.2900000000    32.8700000000   147.1000000000  3394.9000000000     0.1298700000     1.0066900000     1.1460200000     0.2613100000     0.5073000000     0.1524600000     9.6000000000  ]
X_mu    = [  17.4467415730    22.1102808989   115.0219662921   971.9567415730     0.1025289326     0.1425555618     0.1559876966     0.0867431461     0.1927432584     0.0625238764     0.6004174157     1.2558601124     4.2163426966    69.7143258427     0.0067297865     0.0311547191     0.0409000562     0.0150655225     0.0207064719     0.0039166966    21.0658988764    29.9987078652   140.6006179775  1408.2348314607     0.1435213483     0.3674582022     0.4385505056     0.1789475843     0.3248589888     0.0905805618     2.8719101124  ]
