y_range =  124.0000000000
y_mu    =   48.1516853933
X_range = [  16.2700000000    28.9000000000   110.2000000000  1888.4000000000     0.0675300000     0.2653500000     0.3268000000     0.1709900000     0.1732000000     0.0470000000     1.5362000000     3.1409000000    10.4070000000   302.0100000000     0.0284630000     0.1262950000     0.1327900000     0.0340960000     0.0506270000     0.0112740000    22.2900000000    30.1200000000   144.9800000000  3394.9000000000     0.1406900000     0.8392400000     1.0879900000     0.2245500000     0.5035000000     0.1165600000     9.6000000000  ]
X_mu    = [  17.4133707865    22.2177528090   114.8484831461   968.7359550562     0.1026058989     0.1432360112     0.1559019101     0.0870184831     0.1925674157     0.0628079213     0.5959617978     1.2385764045     4.2120000000    69.5100000000     0.0066735618     0.0313942697     0.0407823034     0.0151526517     0.0202087809     0.0039915618    21.0812359551    30.0708426966   140.7777528090  1411.8426966292     0.1438861798     0.3689070787     0.4397584831     0.1803670787     0.3220938202     0.0910435955     2.7735955056  ]
