y_range =  124.0000000000
y_mu    =   45.1797752809
X_range = [  16.2700000000    23.4900000000   110.2000000000  1888.4000000000     0.0697300000     0.2653500000     0.4028200000     0.1808900000     0.1732000000     0.0471900000     1.6136000000     3.1409000000    12.1270000000   302.0100000000     0.0284630000     0.1280530000     0.1328600000     0.0340960000     0.0517480000     0.0114730000    22.2900000000    32.8700000000   147.1000000000  3394.9000000000     0.1298700000     1.0066900000     1.1460200000     0.2613100000     0.5073000000     0.1524600000     9.6000000000  ]
X_mu    = [  17.5181460674    22.2498314607   115.5626404494   981.8584269663     0.1029485393     0.1428302247     0.1573111236     0.0878954494     0.1927000000     0.0625948315     0.6099780899     1.2715943820     4.3066067416    71.1678089888     0.0067754719     0.0309075843     0.0403612921     0.0150711180     0.0204882135     0.0039265112    21.1635393258    30.1390449438   141.3930337079  1425.3870786517     0.1440578652     0.3627621348     0.4336932022     0.1794335393     0.3231893258     0.0901929775     2.8741573034  ]
