y_range =  124.0000000000
y_mu    =   47.6179775281
X_range = [  16.2700000000    28.9000000000   110.2000000000  1888.4000000000     0.0697300000     0.2653500000     0.3999500000     0.1808900000     0.1732000000     0.0470000000     1.6252000000     3.1409000000    12.1270000000   302.0100000000     0.0284630000     0.1262950000     0.1327900000     0.0340960000     0.0506270000     0.0114730000    22.2900000000    32.8700000000   147.1000000000  3394.9000000000     0.1406900000     0.9782600000     1.1088000000     0.2245500000     0.5035000000     0.1510600000     9.6000000000  ]
X_mu    = [  17.4246067416    22.1016292135   114.8806741573   972.1887640449     0.1027320787     0.1420743258     0.1562329775     0.0868129775     0.1931230337     0.0626845506     0.6039393258     1.2764117978     4.2315224719    70.7388202247     0.0068136124     0.0309801742     0.0409119663     0.0151451180     0.0207596067     0.0039642640    21.0720786517    30.0708426966   140.3641573034  1412.7707865169     0.1441991011     0.3633910112     0.4382556742     0.1795721348     0.3252331461     0.0907210674     2.8207865169  ]
