y_range =  124.0000000000
y_mu    =   47.6235955056
X_range = [  16.2700000000    28.9000000000   110.2000000000  1888.4000000000     0.0697300000     0.2653500000     0.4028200000     0.1808900000     0.1370000000     0.0471900000     1.6252000000     3.1409000000    11.9460000000   302.0100000000     0.0284630000     0.1280530000     0.1328600000     0.0340960000     0.0525280000     0.0114730000    22.2900000000    32.8700000000   144.9800000000  3394.9000000000     0.1406900000     0.8865900000     1.1460200000     0.2466100000     0.5073000000     0.1179600000     9.6000000000  ]
X_mu    = [  17.5404494382    22.4104494382   115.7371348315   983.6365168539     0.1021280899     0.1425007303     0.1574984270     0.0870143258     0.1927196629     0.0624409551     0.6119646067     1.2848904494     4.3434831461    71.8199438202     0.0068132697     0.0315955056     0.0415155056     0.0152079326     0.0210749551     0.0039550056    21.1375842697    30.3201685393   141.4076966292  1419.9971910112     0.1432500562     0.3642461798     0.4380269101     0.1785985393     0.3246061798     0.0898212360     2.7752808989  ]
