y_range =  124.0000000000
y_mu    =   46.5730337079
X_range = [  16.2700000000    28.9000000000   110.2000000000  1888.4000000000     0.0697300000     0.2406500000     0.4028200000     0.1808900000     0.1732000000     0.0471900000     1.6252000000     3.1409000000    12.1270000000   302.0100000000     0.0284630000     0.1280530000     0.1328600000     0.0340960000     0.0525280000     0.0114730000    22.2900000000    32.8700000000   147.1000000000  3394.9000000000     0.1406900000     1.0066900000     1.1460200000     0.2613100000     0.5073000000     0.1524600000     9.6000000000  ]
X_mu    = [  17.5261797753    22.3273595506   115.6162921348   983.3382022472     0.1029737640     0.1424926966     0.1568701685     0.0877878652     0.1918140449     0.0625395506     0.6181938202     1.2581696629     4.3404101124    72.6123595506     0.0067335393     0.0309389888     0.0399172472     0.0149032191     0.0203556292     0.0039532472    21.2337078652    30.1932584270   141.6939887640  1434.3224719101     0.1441708427     0.3638711236     0.4313499438     0.1787176966     0.3213691011     0.0904665169     2.8747191011  ]
