y_range =  124.0000000000
y_mu    =   47.4325842697
X_range = [  14.7800000000    23.4900000000   102.3000000000  1648.4000000000     0.0687800000     0.2653500000     0.4028200000     0.1808900000     0.1732000000     0.0471900000     1.6252000000     3.0541000000    12.1270000000   302.0100000000     0.0282640000     0.1280530000     0.1328600000     0.0332610000     0.0525280000     0.0114730000    22.2900000000    32.8700000000   147.1000000000  3394.9000000000     0.1406900000     1.0066900000     1.1460200000     0.2613100000     0.5073000000     0.1524600000     9.6000000000  ]
X_mu    = [  17.3262921348    22.1967977528   114.2816853933   960.0719101124     0.1027175843     0.1424830899     0.1543116292     0.0860739326     0.1926438202     0.0628082584     0.6010786517     1.2709140449     4.2404325843    69.7266292135     0.0068463764     0.0312460393     0.0405643258     0.0150802135     0.0204520337     0.0040065562    20.9131460674    30.1094943820   139.5913483146  1390.3803370787     0.1441567978     0.3654323596     0.4349819663     0.1779898876     0.3221702247     0.0910456742     2.8539325843  ]
