y_range =  124.0000000000
y_mu    =   46.0337078652
X_range = [  16.2700000000    28.9000000000   110.2000000000  1888.4000000000     0.0697300000     0.2653500000     0.3999500000     0.1808900000     0.1732000000     0.0471900000     1.6252000000     3.1409000000    11.9460000000   302.0100000000     0.0284630000     0.1280530000     0.1328600000     0.0340960000     0.0506270000     0.0114730000    22.2900000000    32.8700000000   147.1000000000  3394.9000000000     0.1406900000     0.9782600000     1.1088000000     0.2245500000     0.5035000000     0.1510600000     9.6000000000  ]
X_mu    = [  17.5458988764    22.2628651685   115.7660112360   984.7179775281     0.1025967416     0.1439007865     0.1579335955     0.0880435393     0.1933353933     0.0627452809     0.6103910112     1.2579893258     4.2941966292    71.6895505618     0.0067262472     0.0314924719     0.0408952809     0.0150798820     0.0207263483     0.0039915225    21.2107303371    30.1441011236   141.5321348315  1429.0308988764     0.1435131461     0.3669643258     0.4378629775     0.1801812360     0.3244016854     0.0906542697     2.8938202247  ]
