y_range =  124.0000000000
y_mu    =   47.1123595506
X_range = [  14.7800000000    28.9000000000   102.3000000000  1648.4000000000     0.0648300000     0.2653500000     0.3283200000     0.1709900000     0.1308000000     0.0321800000     1.6252000000     2.5479000000    12.1270000000   302.0100000000     0.0284630000     0.1280530000     0.1328600000     0.0340960000     0.0525280000     0.0114730000    22.2900000000    32.8700000000   147.1000000000  3394.9000000000     0.1406900000     1.0066900000     1.1460200000     0.2613100000     0.3993000000     0.1524600000     9.6000000000  ]
X_mu    = [  17.3732584270    22.3417415730   114.5347752809   964.2084269663     0.1021132022     0.1408162360     0.1526901685     0.0852415169     0.1913460674     0.0625657303     0.5994477528     1.2479191011     4.2485112360    69.4982584270     0.0066876011     0.0309480899     0.0402343820     0.0150307584     0.0200037753     0.0039461461    20.9971910112    30.2360112360   140.2222471910  1399.8337078652     0.1433978090     0.3650413483     0.4344870225     0.1772654494     0.3204943820     0.0907644382     2.9179775281  ]
