y_range =  124.0000000000
y_mu    =   47.1573033708
X_range = [  16.2700000000    28.9000000000   110.2000000000  1878.9000000000     0.0675300000     0.2653500000     0.3339200000     0.1709900000     0.1732000000     0.0471900000     1.6252000000     3.1409000000    12.1270000000   301.5100000000     0.0284630000     0.1280530000     0.1328600000     0.0340960000     0.0517480000     0.0114730000    22.2900000000    32.8700000000   144.9800000000  3389.0000000000     0.1406900000     1.0066900000     1.1460200000     0.2613100000     0.5073000000     0.1524600000     9.6000000000  ]
X_mu    = [  17.4347752809    22.2697191011   115.0111797753   970.9117977528     0.1024049438     0.1430106742     0.1557722472     0.0866972472     0.1922724719     0.0626594944     0.5996191011     1.2385219101     4.2394382022    69.4741011236     0.0066689382     0.0310906180     0.0402858427     0.0150941461     0.0203163034     0.0039552191    21.0808988764    30.0798876404   140.7320224719  1409.6938202247     0.1436601685     0.3673265169     0.4357662360     0.1792778090     0.3241814607     0.0909523034     2.8129213483  ]
