y_range =  124.0000000000
y_mu    =   47.3033707865
X_range = [  14.7800000000    28.9000000000   102.3000000000  1648.4000000000     0.0663000000     0.2653500000     0.4028200000     0.1808900000     0.1732000000     0.0471900000     1.6252000000     3.1409000000    12.1270000000   302.0100000000     0.0283040000     0.1280530000     0.1328600000     0.0340960000     0.0525280000     0.0114730000    22.2900000000    32.8700000000   147.1000000000  3394.9000000000     0.1298700000     1.0066900000     1.0810200000     0.2613100000     0.5073000000     0.1524600000     9.6000000000  ]
X_mu    = [  17.2777528090    22.1723595506   113.9947752809   954.3966292135     0.1030360112     0.1433314045     0.1567861236     0.0865084270     0.1932707865     0.0628099438     0.5976241573     1.2672971910     4.2256123596    69.3175280899     0.0068206348     0.0316005056     0.0411130899     0.0151735843     0.0207831573     0.0040176124    20.8729213483    30.0455056180   139.4764606742  1385.5207865169     0.1444067416     0.3685834831     0.4376291573     0.1796578652     0.3250831461     0.0911344382     2.7870786517  ]
