y_range =  124.0000000000
y_mu    =   46.9494382022
X_range = [  14.7800000000    19.5300000000   102.3000000000  1648.4000000000     0.0697300000     0.2653500000     0.4028200000     0.1808900000     0.1732000000     0.0471900000     1.6252000000     3.1409000000    12.1270000000   302.0100000000     0.0284630000     0.0932530000     0.1328600000     0.0340960000     0.0525280000     0.0114730000    22.2900000000    32.8700000000   147.1000000000  3394.9000000000     0.1406900000     1.0066900000     1.1460200000     0.2613100000     0.5073000000     0.1524600000     9.6000000000  ]
X_mu    = [  17.3176966292    22.4315730337   114.2034269663   959.9623595506     0.1023330899     0.1410769663     0.1546112360     0.0852275843     0.1926561798     0.0625788202     0.6051488764     1.2753808989     4.2631797753    70.0860112360     0.0068539326     0.0308729775     0.0410661798     0.0151933146     0.0206593202     0.0039625337    20.8571348315    30.2823033708   139.2435955056  1383.0589887640     0.1438899438     0.3622475281     0.4363005056     0.1771266854     0.3235134831     0.0907674719     2.7713483146  ]
