y_range =  124.0000000000
y_mu    =   47.7415730337
X_range = [  16.2700000000    28.9000000000   110.2000000000  1878.9000000000     0.0697300000     0.2600900000     0.4028200000     0.1808900000     0.1732000000     0.0471900000     1.6252000000     2.7579000000    12.1270000000   301.5100000000     0.0284630000     0.1269780000     0.1327900000     0.0340960000     0.0525280000     0.0114730000    22.2900000000    32.5000000000   147.1000000000  3389.0000000000     0.1406900000     1.0066900000     1.1460200000     0.2613100000     0.5073000000     0.1524600000     9.6000000000  ]
X_mu    = [  17.3874719101    22.2271910112   114.7162359551   967.6460674157     0.1025998315     0.1437513483     0.1545758427     0.0863112360     0.1926859551     0.0628915730     0.6060595506     1.2622707865     4.2774887640    70.4989887640     0.0067295225     0.0317422640     0.0405716292     0.0150959719     0.0206991124     0.0040493371    21.0569662921    30.1300561798   140.5808988764  1409.9297752809     0.1438938764     0.3709019663     0.4381521910     0.1788392135     0.3261943820     0.0916348876     2.8724719101  ]
