y_range =  124.0000000000
y_mu    =   46.4044943820
X_range = [  16.2700000000    28.9000000000   110.2000000000  1888.4000000000     0.0675300000     0.2653500000     0.3283200000     0.1709900000     0.1732000000     0.0471900000     1.6252000000     2.5479000000    12.1270000000   302.0100000000     0.0284630000     0.0932530000     0.1328600000     0.0339730000     0.0525280000     0.0114730000    22.2900000000    32.8700000000   147.1000000000  3394.9000000000     0.1406900000     1.0066900000     1.1460200000     0.2466100000     0.5073000000     0.1524600000     9.6000000000  ]
X_mu    = [  17.3800000000    22.4135955056   114.5696067416   967.3820224719     0.1022474719     0.1402770225     0.1527094944     0.0855411236     0.1911707865     0.0625457303     0.6046353933     1.2592202247     4.2661123596    70.2865730337     0.0067316011     0.0304667191     0.0398542135     0.0150688146     0.0201517528     0.0039365449    21.0396629213    30.3100561798   140.3451123596  1408.3455056180     0.1438978090     0.3598093258     0.4313920787     0.1774400000     0.3204174157     0.0904723034     2.8876404494  ]
