y_range =  124.0000000000
y_mu    =   47.0730337079
X_range = [  16.2700000000    27.3900000000   110.2000000000  1888.4000000000     0.0687800000     0.2653500000     0.4028200000     0.1808900000     0.1732000000     0.0471900000     1.6136000000     3.1409000000    12.1270000000   302.0100000000     0.0283040000     0.1280530000     0.1328600000     0.0340960000     0.0525280000     0.0114730000    22.2900000000    32.8700000000   147.1000000000  3394.9000000000     0.1406900000     1.0066900000     1.1460200000     0.2613100000     0.5073000000     0.1524600000     9.6000000000  ]
X_mu    = [  17.4371348315    22.2871910112   115.0597191011   974.0634831461     0.1027143820     0.1437360112     0.1577073596     0.0872972472     0.1943219101     0.0627948876     0.6084910112     1.2523983146     4.2783988764    70.8171910112     0.0067359101     0.0313797191     0.0411018539     0.0151687079     0.0208198258     0.0040165562    21.0525842697    30.0582022472   140.5930337079  1409.0146067416     0.1438292697     0.3679031461     0.4393830899     0.1793819101     0.3257859551     0.0913955056     2.7449438202  ]
