y_range =  124.0000000000
y_mu    =   47.7078651685
X_range = [  14.7800000000    28.9000000000   102.3000000000  1648.4000000000     0.0697300000     0.2653500000     0.4028200000     0.1808900000     0.1732000000     0.0470000000     1.6252000000     3.1409000000    12.1270000000   302.0100000000     0.0284630000     0.1280530000     0.1328600000     0.0340960000     0.0525280000     0.0114730000    22.2900000000    32.8700000000   147.1000000000  3394.9000000000     0.1364900000     1.0066900000     1.1460200000     0.2613100000     0.5073000000     0.1524600000     9.6000000000  ]
X_mu    = [  17.3671348315    22.1815730337   114.5465730337   964.3539325843     0.1027605618     0.1433745506     0.1554634270     0.0860344382     0.1927095506     0.0628055618     0.6045926966     1.2679617978     4.2422752809    70.6295505618     0.0067810449     0.0316813371     0.0410936517     0.0151021685     0.0204492247     0.0040402584    20.9860112360    30.0407303371   139.9438764045  1401.6292134831     0.1437994944     0.3692688764     0.4398690449     0.1782401685     0.3232606742     0.0913809551     2.8623595506  ]
