y_range =  122.0000000000
y_mu    =   46.2022471910
X_range = [  16.2700000000    28.9000000000   110.2000000000  1888.4000000000     0.0697300000     0.2653500000     0.4028200000     0.1808900000     0.1732000000     0.0471900000     1.6252000000     3.1409000000    12.1270000000   302.0100000000     0.0284630000     0.1280530000     0.1328600000     0.0339730000     0.0525280000     0.0114730000    22.2900000000    32.8700000000   147.1000000000  3394.9000000000     0.1406900000     0.8865900000     1.1460200000     0.2613100000     0.5073000000     0.1179600000     9.6000000000  ]
X_mu    = [  17.5108988764    22.3115168539   115.5376966292   981.5814606742     0.1028097191     0.1426903933     0.1565478090     0.0875773034     0.1928050562     0.0627130899     0.6071056180     1.2693938202     4.2864269663    71.3901123596     0.0067954494     0.0307606461     0.0402324719     0.0150681067     0.0203031573     0.0039733652    21.1268539326    30.1539887640   141.1450000000  1420.6303370787     0.1440011798     0.3604638202     0.4303027528     0.1786262360     0.3213887640     0.0903193258     2.8421348315  ]
