y_range =  124.0000000000
y_mu    =   47.7415730337
X_range = [  16.2700000000    28.9000000000   110.2000000000  1888.4000000000     0.0697300000     0.2406500000     0.4028200000     0.1808900000     0.1732000000     0.0471900000     1.6252000000     3.1409000000    12.1270000000   302.0100000000     0.0284630000     0.1280530000     0.1328600000     0.0340960000     0.0525280000     0.0114730000    22.2900000000    32.5000000000   147.1000000000  3394.9000000000     0.1406900000     1.0066900000     1.1460200000     0.2613100000     0.5073000000     0.1524600000     9.6000000000  ]
X_mu    = [  17.4566292135    22.2312921348   115.1401123596   974.7314606742     0.1029103933     0.1434727528     0.1562026966     0.0870280899     0.1935314607     0.0628436517     0.6060359551     1.2454438202     4.2486292135    70.7661797753     0.0067349213     0.0313855618     0.0406779213     0.0150830674     0.0206937584     0.0040184888    21.0548876404    29.9247191011   140.4860674157  1409.8404494382     0.1439579213     0.3670368539     0.4362094944     0.1787962921     0.3243146067     0.0910631461     2.8325842697  ]
