y_range =  124.0000000000
y_mu    =   48.2078651685
X_range = [  16.2700000000    28.9000000000   110.2000000000  1888.4000000000     0.0697300000     0.2653500000     0.4028200000     0.1808900000     0.1732000000     0.0471900000     1.6252000000     3.1409000000    12.1270000000   302.0100000000     0.0284630000     0.1280530000     0.1328600000     0.0339730000     0.0525280000     0.0114730000    22.2900000000    32.8700000000   147.1000000000  3394.9000000000     0.1406900000     1.0066900000     1.1460200000     0.2613100000     0.5073000000     0.1524600000     9.6000000000  ]
X_mu    = [  17.4189887640    22.3128651685   114.9487640449   969.5971910112     0.1031604494     0.1447738764     0.1586203371     0.0875290449     0.1937044944     0.0630101685     0.6109511236     1.2688735955     4.3042696629    71.0482584270     0.0068311966     0.0318257584     0.0417802809     0.0153728483     0.0206735506     0.0040867360    20.9746067416    30.0012921348   139.9584831461  1396.9224719101     0.1440444382     0.3677098876     0.4410808427     0.1795032022     0.3230612360     0.0913903371     2.8460674157  ]
