y_range =  124.0000000000
y_mu    =   46.2359550562
X_range = [  16.2700000000    27.3900000000   110.2000000000  1888.4000000000     0.0665800000     0.2378500000     0.3339200000     0.1709900000     0.1732000000     0.0471900000     1.6252000000     3.1409000000    12.1270000000   302.0100000000     0.0283040000     0.1280530000     0.1328600000     0.0340960000     0.0525280000     0.0114730000    22.2900000000    32.8700000000   147.1000000000  3394.9000000000     0.1406900000     1.0066900000     1.1460200000     0.2613100000     0.5073000000     0.1524600000     9.6000000000  ]
X_mu    = [  17.3971348315    22.4294943820   114.7417415730   968.7213483146     0.1024719101     0.1419574157     0.1547728090     0.0861359551     0.1923533708     0.0625582022     0.5944056180     1.2581050562     4.2082022472    68.6522471910     0.0066945169     0.0310773034     0.0403503371     0.0151864831     0.0203859663     0.0039539157    20.9890449438    30.3372471910   140.1489887640  1400.2893258427     0.1438230899     0.3674621348     0.4380083708     0.1790060112     0.3231292135     0.0908594382     2.9348314607  ]
