y_range =  124.0000000000
y_mu    =   46.5955056180
X_range = [  16.2700000000    28.9000000000   110.2000000000  1888.4000000000     0.0687800000     0.2653500000     0.4028200000     0.1808900000     0.1732000000     0.0471900000     1.6252000000     3.1409000000    12.1270000000   239.8100000000     0.0282640000     0.1280530000     0.1328600000     0.0332610000     0.0517480000     0.0114730000    20.2900000000    32.8700000000   144.2000000000  2923.9000000000     0.1406900000     1.0066900000     1.1460200000     0.2613100000     0.5073000000     0.1524600000     9.6000000000  ]
X_mu    = [  17.4089887640    22.4357865169   114.8664044944   969.2769662921     0.1025683708     0.1435823034     0.1555253933     0.0866724157     0.1932859551     0.0627806742     0.5936938202     1.2763578652     4.1967696629    68.5448876404     0.0067510112     0.0317336854     0.0405389888     0.0150135449     0.0205883652     0.0039863989    20.9578089888    30.3082022472   139.9885393258  1394.5764044944     0.1441421910     0.3709205618     0.4371212921     0.1789272472     0.3248162921     0.0910395506     2.8943820225  ]
