y_range =  124.0000000000
y_mu    =   47.0842696629
X_range = [  16.2700000000    28.9000000000   110.2000000000  1888.4000000000     0.0697300000     0.2653500000     0.4028200000     0.1808900000     0.1732000000     0.0471900000     1.6252000000     3.0541000000    12.1270000000   302.0100000000     0.0284630000     0.1280530000     0.1328600000     0.0340960000     0.0525280000     0.0114730000    22.2900000000    32.8700000000   147.1000000000  3394.9000000000     0.1406900000     1.0066900000     1.0810200000     0.2613100000     0.5073000000     0.1524600000     9.6000000000  ]
X_mu    = [  17.3914044944    22.2482022472   114.7616292135   969.7696629213     0.1029173034     0.1436076404     0.1560163483     0.0866994944     0.1928780899     0.0628889326     0.6103775281     1.2581269663     4.3076179775    71.2870224719     0.0067514551     0.0312460674     0.0407869101     0.0150303539     0.0204761910     0.0040058596    21.0671348315    30.1338764045   140.6666292135  1414.4764044944     0.1444545506     0.3666447191     0.4366988202     0.1783985955     0.3234410112     0.0911274157     2.8926966292  ]
