y_range =  124.0000000000
y_mu    =   46.7808988764
X_range = [  16.2700000000    28.9000000000   110.2000000000  1888.4000000000     0.0697300000     0.2653500000     0.4028200000     0.1781300000     0.1732000000     0.0471900000     1.6252000000     3.1409000000    12.1270000000   302.0100000000     0.0284630000     0.1280530000     0.1328600000     0.0340960000     0.0525280000     0.0114730000    22.2900000000    32.8700000000   147.1000000000  3394.9000000000     0.1406900000     1.0066900000     1.1460200000     0.2613100000     0.5073000000     0.1524600000     9.6000000000  ]
X_mu    = [  17.3569101124    22.2523595506   114.5092696629   964.3814606742     0.1028105618     0.1431423596     0.1559902247     0.0868269101     0.1929719101     0.0628389888     0.6013258427     1.2611853933     4.2481404494    69.6464044944     0.0067673539     0.0313276404     0.0407410674     0.0150766011     0.0207929888     0.0040040899    20.9310674157    30.0737078652   139.8362921348  1390.7943820225     0.1439393820     0.3681879775     0.4369690449     0.1786255618     0.3252382022     0.0912921910     2.7528089888  ]
