y_range =  122.0000000000
y_mu    =   46.1123595506
X_range = [  16.2700000000    28.9000000000   110.2000000000  1888.4000000000     0.0697300000     0.2653500000     0.4028200000     0.1808900000     0.1732000000     0.0471900000     1.6136000000     2.7579000000    12.1270000000   302.0100000000     0.0284630000     0.1280530000     0.1328600000     0.0340960000     0.0525280000     0.0114730000    22.2900000000    32.3300000000   147.1000000000  3394.9000000000     0.1406900000     1.0066900000     1.1460200000     0.2613100000     0.5073000000     0.1524600000     9.6000000000  ]
X_mu    = [  17.4234269663    22.3686516854   114.9236516854   971.9202247191     0.1024523034     0.1429767416     0.1551734270     0.0862932584     0.1930938202     0.0627698876     0.6089696629     1.2762853933     4.2965842697    71.1151685393     0.0067598933     0.0315786517     0.0407675843     0.0150722865     0.0209304607     0.0040044663    21.1012921348    30.3514606742   140.8761797753  1417.1016853933     0.1439247753     0.3680093258     0.4380224157     0.1786424157     0.3264876404     0.0909167978     2.8179775281  ]
