y_range =  124.0000000000
y_mu    =   45.1179775281
X_range = [  16.2700000000    23.4900000000   110.2000000000  1888.4000000000     0.0697300000     0.2653500000     0.3999500000     0.1808900000     0.1370000000     0.0471900000     1.6252000000     3.1409000000    12.1270000000   302.0100000000     0.0284630000     0.1280530000     0.1328600000     0.0340960000     0.0504630000     0.0114730000    22.2900000000    32.8700000000   147.1000000000  3394.9000000000     0.1406900000     0.9782600000     1.1088000000     0.2245500000     0.5035000000     0.1510600000     9.6000000000  ]
X_mu    = [  17.4850000000    22.2002808989   115.3382022472   979.9179775281     0.1025962921     0.1427022472     0.1575484270     0.0874524157     0.1927404494     0.0626287640     0.6050033708     1.2731887640     4.2675842697    71.1105056180     0.0068300674     0.0311318539     0.0411965169     0.0151769382     0.0210238596     0.0039733371    21.0843820225    30.0449438202   140.7360674157  1416.4404494382     0.1439631461     0.3614311798     0.4368174719     0.1791514607     0.3241724719     0.0904632022     2.8039325843  ]
