y_range =  124.0000000000
y_mu    =   45.3707865169
X_range = [  16.2700000000    27.3900000000   110.2000000000  1888.4000000000     0.0697300000     0.2653500000     0.4028200000     0.1808900000     0.1732000000     0.0321800000     1.6252000000     3.1409000000    11.9460000000   302.0100000000     0.0284630000     0.1280530000     0.1328600000     0.0340960000     0.0525280000     0.0112740000    22.2900000000    32.8700000000   147.1000000000  3394.9000000000     0.1364900000     1.0066900000     1.1460200000     0.2613100000     0.4209000000     0.1524600000     9.6000000000  ]
X_mu    = [  17.4801123596    22.4508426966   115.2837078652   978.6286516854     0.1025392135     0.1419335955     0.1561399438     0.0867998315     0.1919797753     0.0624432022     0.6159915730     1.2837780899     4.3283146067    72.0871348315     0.0067838596     0.0312392640     0.0408303933     0.0151289607     0.0205670337     0.0039744101    21.1310112360    30.3619101124   140.9741011236  1421.5398876404     0.1431685955     0.3609514607     0.4340134270     0.1775351124     0.3206910112     0.0900955618     2.8876404494  ]
