y_range =  124.0000000000
y_mu    =   45.8595505618
X_range = [  16.2700000000    23.4900000000   110.2000000000  1888.4000000000     0.0697300000     0.2653500000     0.4028200000     0.1808900000     0.1732000000     0.0321800000     1.6252000000     3.0541000000    12.1270000000   302.0100000000     0.0284630000     0.1280530000     0.1328600000     0.0340960000     0.0525280000     0.0114730000    22.2900000000    32.8700000000   147.1000000000  3394.9000000000     0.1298700000     1.0066900000     1.1460200000     0.2613100000     0.4209000000     0.1524600000     9.6000000000  ]
X_mu    = [  17.3906179775    22.1875280899   114.7355617978   966.2050561798     0.1029058427     0.1432814045     0.1577810674     0.0876923596     0.1938241573     0.0626267416     0.5988511236     1.2702915730     4.2266853933    69.2800561798     0.0068019382     0.0315117472     0.0412643820     0.0152418596     0.0207338315     0.0040154157    20.9194943820    30.0201123596   139.8263483146  1388.8500000000     0.1436882022     0.3663346067     0.4387123034     0.1791978652     0.3237735955     0.0905919101     2.8382022472  ]
