y_range =  124.0000000000
y_mu    =   46.9775280899
X_range = [  16.2700000000    28.9000000000   110.2000000000  1888.4000000000     0.0697300000     0.2653500000     0.4028200000     0.1808900000     0.1732000000     0.0471900000     1.6252000000     3.1409000000    12.1270000000   302.0100000000     0.0284630000     0.1280530000     0.1328600000     0.0340960000     0.0525280000     0.0114730000    22.2900000000    32.8700000000   147.1000000000  3394.9000000000     0.1406900000     1.0066900000     1.0810200000     0.2443100000     0.5073000000     0.1524600000     9.6000000000  ]
X_mu    = [  17.2285955056    22.2121348315   113.5480898876   950.3129213483     0.1026366854     0.1409907865     0.1522771348     0.0850436517     0.1924443820     0.0627657865     0.5985707865     1.2798741573     4.1989550562    69.0715730337     0.0067307809     0.0308650000     0.0401478652     0.0149336067     0.0207073708     0.0039828989    20.8293820225    30.1951685393   138.8919101124  1380.2623595506     0.1438798315     0.3610610112     0.4290078090     0.1764969101     0.3247769663     0.0908666292     2.8382022472  ]
