Lambda_gamma: 0.0
Time: 0.9242701530456543
Lambda_gamma: 0.0
Time: 0.803178071975708
Lambda_gamma: 0.0
Time: 0.8799810409545898
