y_range =  124.0000000000
y_mu    =   46.3314606742
X_range = [  16.2700000000    28.9000000000   110.2000000000  1888.4000000000     0.0697300000     0.2406500000     0.4028200000     0.1808900000     0.1732000000     0.0470000000     1.6252000000     3.1409000000    12.1270000000   302.0100000000     0.0284630000     0.1280530000     0.1328600000     0.0340960000     0.0525280000     0.0114730000    22.2900000000    32.8700000000   147.1000000000  3394.9000000000     0.1406900000     1.0066900000     1.1460200000     0.2613100000     0.5073000000     0.1524600000     9.6000000000  ]
X_mu    = [  17.3875842697    22.3985955056   114.6891573034   968.0837078652     0.1027635393     0.1423417978     0.1563929775     0.0865970787     0.1923067416     0.0627418539     0.5933640449     1.2495820225     4.1761910112    69.2946067416     0.0066881124     0.0309088652     0.0404810674     0.0147934045     0.0201705730     0.0039574438    20.9925842697    30.3502247191   140.1638202247  1402.3921348315     0.1443927528     0.3677660674     0.4402420787     0.1787789326     0.3237955056     0.0911553371     2.8117977528  ]
