y_range =  124.0000000000
y_mu    =   47.0786516854
X_range = [  16.2700000000    28.9000000000   110.2000000000  1888.4000000000     0.0697300000     0.2653500000     0.4028200000     0.1808900000     0.1732000000     0.0471900000     1.6252000000     3.0541000000    11.9460000000   302.0100000000     0.0284630000     0.1280530000     0.1328600000     0.0340960000     0.0525280000     0.0114730000    22.2900000000    32.8700000000   147.1000000000  3394.9000000000     0.1406900000     1.0066900000     1.1460200000     0.2613100000     0.5073000000     0.1524600000     9.6000000000  ]
X_mu    = [  17.4099438202    22.1150000000   114.9321910112   971.1651685393     0.1031848315     0.1441033708     0.1580416854     0.0877148315     0.1933410112     0.0629767416     0.6043629213     1.2699056180     4.2721123596    70.1864606742     0.0068408933     0.0314084270     0.0410257865     0.0152107022     0.0205607416     0.0040459382    20.9862359551    29.9239325843   140.2200000000  1400.4696629213     0.1444107303     0.3666655056     0.4386336517     0.1795469101     0.3222269663     0.0912761798     2.8898876404  ]
