y_range =  124.0000000000
y_mu    =   47.5224719101
X_range = [  16.2700000000    28.9000000000   110.2000000000  1888.4000000000     0.0697300000     0.2653500000     0.4028200000     0.1781300000     0.1732000000     0.0471900000     1.6252000000     3.1409000000    11.9460000000   302.0100000000     0.0284630000     0.1280530000     0.1328600000     0.0340960000     0.0525280000     0.0114730000    22.2900000000    30.4900000000   147.1000000000  3394.9000000000     0.1406900000     1.0066900000     1.1460200000     0.2613100000     0.5073000000     0.1524600000     9.6000000000  ]
X_mu    = [  17.4120224719    22.1887078652   114.9232022472   971.3157303371     0.1027837079     0.1443367978     0.1580456742     0.0874163483     0.1933960674     0.0630187640     0.6155353933     1.2595634831     4.3510112360    71.6860674157     0.0068410506     0.0317297191     0.0415049438     0.0152451461     0.0207368258     0.0040412079    21.0179213483    29.9180898876   140.5677528090  1404.9073033708     0.1439309551     0.3674200000     0.4398201685     0.1791845506     0.3236376404     0.0910876966     2.7870786517  ]
