y_range =  122.0000000000
y_mu    =   46.8764044944
X_range = [  16.2700000000    28.9000000000   110.2000000000  1888.4000000000     0.0697300000     0.2406500000     0.4028200000     0.1808900000     0.1732000000     0.0471900000     1.6252000000     3.1409000000    12.1270000000   239.8100000000     0.0284630000     0.1280530000     0.1328600000     0.0340960000     0.0525280000     0.0114730000    20.2900000000    30.1200000000   142.0800000000  2923.9000000000     0.1364900000     0.8865900000     1.1460200000     0.2613100000     0.5073000000     0.1179600000     9.6000000000  ]
X_mu    = [  17.3652247191    22.2379213483   114.4879775281   963.3601123596     0.1026315730     0.1412450000     0.1549869663     0.0860938202     0.1930932584     0.0626893258     0.5975853933     1.2624971910     4.2080056180    68.8403370787     0.0067435955     0.0312225281     0.0408925281     0.0150783820     0.0209451404     0.0040046966    20.8685393258    29.9581460674   139.2393820225  1380.4955056180     0.1433197191     0.3587164045     0.4329499438     0.1773160112     0.3236168539     0.0903167416     2.7926966292  ]
