y_range =  124.0000000000
y_mu    =   45.9101123596
X_range = [  16.2700000000    25.0200000000   110.2000000000  1888.4000000000     0.0697300000     0.2653500000     0.3999500000     0.1808900000     0.1732000000     0.0471900000     1.6136000000     3.1409000000    11.9360000000   302.0100000000     0.0284630000     0.1280530000     0.1328600000     0.0340960000     0.0506270000     0.0112740000    22.2900000000    32.8700000000   147.1000000000  3394.9000000000     0.1298700000     0.9782600000     1.1088000000     0.2245500000     0.5035000000     0.1510600000     9.6000000000  ]
X_mu    = [  17.4051685393    22.4998876404   114.8006179775   969.2258426966     0.1028007303     0.1422834270     0.1562039888     0.0870793820     0.1923735955     0.0626180337     0.6037438202     1.2846061798     4.2604438202    70.2974157303     0.0068256966     0.0313407809     0.0407375843     0.0151843764     0.0205705056     0.0039751236    21.0457865169    30.5734269663   140.4838202247  1408.4269662921     0.1444389326     0.3647587079     0.4342455618     0.1798465169     0.3228320225     0.0905846629     2.8421348315  ]
