y_range =  122.0000000000
y_mu    =   46.2528089888
X_range = [  16.2700000000    28.9000000000   110.2000000000  1888.4000000000     0.0697300000     0.2406500000     0.4028200000     0.1808900000     0.1616000000     0.0471900000     1.6252000000     3.0541000000    12.1270000000   302.0100000000     0.0206630000     0.1280530000     0.1168600000     0.0314260000     0.0525280000     0.0106330000    22.2900000000    32.8700000000   147.1000000000  3394.9000000000     0.1406900000     1.0066900000     1.1460200000     0.2613100000     0.5073000000     0.1524600000     9.6000000000  ]
X_mu    = [  17.4638202247    22.2242696629   115.2060674157   976.5196629213     0.1027470787     0.1420406180     0.1555276966     0.0870617978     0.1921646067     0.0626124719     0.6025348315     1.2589455056     4.2427808989    70.4216853933     0.0066273483     0.0301984831     0.0394235955     0.0148513034     0.0203512472     0.0038732809    21.0751123596    30.0691011236   140.6225280899  1412.4455056180     0.1439972472     0.3604435955     0.4328100562     0.1780210674     0.3216157303     0.0902386517     2.8882022472  ]
