y_range =  124.0000000000
y_mu    =   47.7078651685
X_range = [  16.2700000000    27.3900000000   110.2000000000  1888.4000000000     0.0697300000     0.2653500000     0.4028200000     0.1808900000     0.1732000000     0.0321800000     1.6252000000     3.1409000000    11.9460000000   302.0100000000     0.0284630000     0.1280530000     0.1328600000     0.0340960000     0.0475480000     0.0114730000    22.2900000000    32.8700000000   147.1000000000  3394.9000000000     0.1406900000     1.0066900000     1.1460200000     0.2613100000     0.3993000000     0.1524600000     9.6000000000  ]
X_mu    = [  17.3326404494    22.4145505618   114.2080337079   959.5207865169     0.1021842135     0.1390160112     0.1513807865     0.0846017416     0.1909258427     0.0623557865     0.5934887640     1.2694741573     4.1659325843    68.5470224719     0.0067115730     0.0300230899     0.0397128090     0.0147963539     0.0197241124     0.0038882022    20.9131460674    30.3649438202   139.3658426966  1388.4606741573     0.1434663483     0.3556340449     0.4282774719     0.1759142697     0.3184786517     0.0901514045     2.8764044944  ]
