y_range =  124.0000000000
y_mu    =   47.1348314607
X_range = [  16.2700000000    28.9000000000   110.2000000000  1888.4000000000     0.0675300000     0.2653500000     0.3310500000     0.1674900000     0.1732000000     0.0471900000     1.6252000000     3.1409000000    12.1270000000   302.0100000000     0.0284630000     0.1280530000     0.1328600000     0.0340960000     0.0506270000     0.0114730000    22.2900000000    32.8700000000   147.1000000000  3394.9000000000     0.1217000000     0.9782600000     1.1088000000     0.2075500000     0.5035000000     0.1481700000     9.6000000000  ]
X_mu    = [  17.3908988764    22.3110674157   114.6400000000   967.6174157303     0.1022516854     0.1403916854     0.1552397753     0.0859484270     0.1920162921     0.0625691011     0.5877359551     1.2494539326     4.1297303371    68.2050561798     0.0066898202     0.0305644045     0.0404368539     0.0148552865     0.0203708989     0.0039380506    21.0248876404    30.3202808989   140.1647191011  1405.0410112360     0.1440320225     0.3615688202     0.4379921348     0.1785937079     0.3241904494     0.0908807865     2.8443820225  ]
