y_range =  124.0000000000
y_mu    =   46.6179775281
X_range = [  16.2700000000    28.9000000000   110.2000000000  1888.4000000000     0.0687800000     0.2653500000     0.4028200000     0.1808900000     0.1732000000     0.0471900000     1.6252000000     3.1409000000    11.9460000000   302.0100000000     0.0283040000     0.1280530000     0.1328600000     0.0340960000     0.0517480000     0.0114730000    22.2900000000    32.8700000000   147.1000000000  3394.9000000000     0.1406900000     1.0066900000     1.1460200000     0.2613100000     0.5073000000     0.1524600000     9.6000000000  ]
X_mu    = [  17.5076966292    22.4024719101   115.5014044944   981.0988764045     0.1023450000     0.1424724157     0.1550098876     0.0868320787     0.1926039326     0.0625690449     0.6070443820     1.2860730337     4.2826179775    70.8637078652     0.0067622247     0.0312276404     0.0402008989     0.0151600056     0.0204143933     0.0040079101    21.1278089888    30.3133146067   141.0216853933  1419.9910112360     0.1434051124     0.3635138202     0.4305701685     0.1786324719     0.3216073034     0.0906402809     2.8870786517  ]
