y_range =  124.0000000000
y_mu    =   46.7808988764
X_range = [  16.2700000000    28.9000000000   110.2000000000  1888.4000000000     0.0697300000     0.2653500000     0.4028200000     0.1808900000     0.1732000000     0.0471900000     1.5362000000     3.1409000000    10.4070000000   302.0100000000     0.0284630000     0.1280530000     0.1328600000     0.0340960000     0.0525280000     0.0114730000    22.2900000000    32.8700000000   147.1000000000  3394.9000000000     0.1406900000     1.0066900000     1.1460200000     0.2613100000     0.5073000000     0.1524600000     9.6000000000  ]
X_mu    = [  17.3571348315    22.2541573034   114.5316292135   965.3556179775     0.1028044382     0.1433146067     0.1574639326     0.0869295506     0.1928792135     0.0628535393     0.5953691011     1.2509421348     4.1998370787    69.0474157303     0.0067669551     0.0315050787     0.0408921348     0.0149862978     0.0202317528     0.0040349719    20.9594943820    30.0556741573   139.9770786517  1397.4342696629     0.1443521348     0.3678155056     0.4402088764     0.1795013483     0.3225685393     0.0913291573     2.8831460674  ]
