y_range =  124.0000000000
y_mu    =   46.4887640449
X_range = [  16.2700000000    28.9000000000   110.2000000000  1888.4000000000     0.0687800000     0.2600900000     0.4028200000     0.1808900000     0.1732000000     0.0471900000     1.6252000000     3.1409000000    12.1270000000   302.0100000000     0.0283040000     0.1280530000     0.1328600000     0.0340960000     0.0525280000     0.0112740000    22.2900000000    30.1200000000   147.1000000000  3394.9000000000     0.1406900000     1.0066900000     1.1460200000     0.2613100000     0.5073000000     0.1524600000     9.6000000000  ]
X_mu    = [  17.5315168539    22.1932584270   115.6810674157   983.0308988764     0.1026728090     0.1436334270     0.1575811236     0.0879258427     0.1926314607     0.0626674157     0.6147730337     1.2558786517     4.3415056180    72.0632022472     0.0067500056     0.0313533652     0.0409665169     0.0152047303     0.0205907584     0.0039741685    21.1795505618    29.9520224719   141.5170224719  1426.5084269663     0.1434461236     0.3650387640     0.4374932022     0.1804507303     0.3225112360     0.0903997753     2.8769662921  ]
