y_range =  124.0000000000
y_mu    =   46.8820224719
X_range = [  16.2700000000    25.0200000000   110.2000000000  1888.4000000000     0.0697300000     0.2406500000     0.4028200000     0.1781300000     0.1732000000     0.0471900000     1.6252000000     3.0541000000    12.1270000000   302.0100000000     0.0284630000     0.1280530000     0.1328600000     0.0340960000     0.0525280000     0.0114730000    22.2900000000    32.8700000000   147.1000000000  3394.9000000000     0.1406900000     1.0066900000     1.1460200000     0.2466100000     0.5073000000     0.1524600000     9.6000000000  ]
X_mu    = [  17.4589887640    22.3759550562   115.0183146067   975.4887640449     0.1022848876     0.1397196629     0.1528673034     0.0858451685     0.1923303371     0.0623260112     0.6010269663     1.2765016854     4.2129438202    69.9292134831     0.0067026573     0.0307227528     0.0400848315     0.0149648820     0.0206737753     0.0039374101    21.0758426966    30.3407303371   140.3969662921  1412.1140449438     0.1432865730     0.3602222472     0.4301965730     0.1772806180     0.3240011236     0.0902749438     2.9421348315  ]
