y_range =  124.0000000000
y_mu    =   47.2640449438
X_range = [  16.2700000000    27.3900000000   110.2000000000  1888.4000000000     0.0697300000     0.2653500000     0.4028200000     0.1808900000     0.1732000000     0.0471900000     1.6252000000     3.1409000000    12.1270000000   302.0100000000     0.0284630000     0.1280530000     0.1328600000     0.0340960000     0.0525280000     0.0114730000    22.2900000000    32.5000000000   147.1000000000  3394.9000000000     0.1406900000     1.0066900000     1.1460200000     0.2613100000     0.5073000000     0.1524600000     9.6000000000  ]
X_mu    = [  17.4066292135    22.2833146067   114.7624719101   969.2921348315     0.1024855056     0.1422438764     0.1542218539     0.0860957865     0.1928786517     0.0627002247     0.6047230337     1.2653438202     4.2315056180    70.3802808989     0.0067054438     0.0310715730     0.0401087640     0.0149642247     0.0207686067     0.0039777360    21.0254494382    30.1751685393   140.1626966292  1405.9455056180     0.1432820787     0.3646643820     0.4320010674     0.1773603933     0.3242140449     0.0908358427     2.8466292135  ]
