y_range =  124.0000000000
y_mu    =   45.4550561798
X_range = [  13.3400000000    28.9000000000    94.3000000000  1583.4000000000     0.0687800000     0.2653500000     0.3999500000     0.1808900000     0.1732000000     0.0471900000     1.6252000000     3.1409000000    12.1270000000   302.0100000000     0.0283040000     0.1280530000     0.1328600000     0.0340960000     0.0498470000     0.0112740000    22.2900000000    32.8700000000   147.1000000000  3394.9000000000     0.1406900000     0.9782600000     1.1088000000     0.2245500000     0.5035000000     0.1510600000     9.6000000000  ]
X_mu    = [  17.1866292135    22.3541573034   113.3862359551   944.9005617978     0.1029314045     0.1429536517     0.1555210674     0.0854762921     0.1928735955     0.0629479775     0.5964157303     1.2741578652     4.2219831461    68.9161797753     0.0068314270     0.0317252753     0.0412639326     0.0152261236     0.0207714045     0.0040550281    20.7773033708    30.2706741573   138.8276404494  1373.0735955056     0.1445255056     0.3672974719     0.4385416292     0.1780550000     0.3239101124     0.0916062360     2.7859550562  ]
