y_range =  124.0000000000
y_mu    =   46.7865168539
X_range = [  16.2700000000    28.9000000000   110.2000000000  1888.4000000000     0.0697300000     0.2653500000     0.3999500000     0.1808900000     0.1732000000     0.0471900000     1.6252000000     3.1409000000    12.1270000000   302.0100000000     0.0284630000     0.1280530000     0.1328600000     0.0340960000     0.0496830000     0.0114730000    22.2900000000    32.8700000000   147.1000000000  3394.9000000000     0.1406900000     0.9782600000     1.1088000000     0.2245500000     0.5035000000     0.1510600000     9.6000000000  ]
X_mu    = [  17.4572471910    22.3751123596   115.2317415730   975.3179775281     0.1027355618     0.1446688202     0.1578942135     0.0872656180     0.1930679775     0.0627950000     0.6000769663     1.2547219101     4.2408146067    70.0925842697     0.0067263258     0.0316432584     0.0409517978     0.0149408596     0.0204204888     0.0040081124    21.1178651685    30.2737640449   141.1655617978  1417.8752808989     0.1443558427     0.3726637640     0.4425646629     0.1803379775     0.3249685393     0.0913820225     2.8011235955  ]
