y_range =  122.0000000000
y_mu    =   46.8202247191
X_range = [  16.2700000000    28.9000000000   110.2000000000  1888.4000000000     0.0675300000     0.2653500000     0.3339200000     0.1709900000     0.1370000000     0.0471900000     1.6252000000     3.1409000000    12.1270000000   302.0100000000     0.0284630000     0.1269780000     0.1327900000     0.0340960000     0.0525280000     0.0114730000    22.2900000000    32.8700000000   147.1000000000  3394.9000000000     0.1406900000     1.0066900000     1.1460200000     0.2613100000     0.5073000000     0.1524600000     9.6000000000  ]
X_mu    = [  17.2918539326    22.3205056180   114.0889325843   956.4241573034     0.1031157865     0.1432849438     0.1578071348     0.0864970787     0.1920764045     0.0629932584     0.5856179775     1.2651410112     4.1453932584    67.4582022472     0.0067905955     0.0313464438     0.0411739326     0.0150397640     0.0205090562     0.0039961685    20.8123033708    30.2325842697   139.0441573034  1377.1831460674     0.1449847191     0.3700438764     0.4444358427     0.1788158989     0.3233994382     0.0915212921     2.8415730337  ]
