y_range =  124.0000000000
y_mu    =   46.7134831461
X_range = [  16.2700000000    28.9000000000   110.2000000000  1888.4000000000     0.0697300000     0.2653500000     0.4028200000     0.1808900000     0.1616000000     0.0471900000     1.5362000000     3.1409000000    10.4070000000   302.0100000000     0.0206630000     0.1280530000     0.1168600000     0.0314260000     0.0525280000     0.0106330000    22.2900000000    32.8700000000   147.1000000000  3394.9000000000     0.1406900000     1.0066900000     1.1460200000     0.2613100000     0.5073000000     0.1524600000     9.6000000000  ]
X_mu    = [  17.4455056180    22.2139325843   115.0809550562   973.9477528090     0.1025725843     0.1430330899     0.1572534270     0.0873489326     0.1929910112     0.0626684831     0.6047033708     1.2509022472     4.2743258427    70.6008426966     0.0066258820     0.0310934831     0.0407215730     0.0150730112     0.0208516966     0.0039403315    21.0724719101    30.0167977528   140.7317977528  1412.4410112360     0.1435382584     0.3671525843     0.4407257865     0.1799474719     0.3252769663     0.0908015730     2.8713483146  ]
