y_range =  124.0000000000
y_mu    =   46.7247191011
X_range = [  14.7800000000    28.9000000000   102.3000000000  1648.4000000000     0.0687800000     0.2653500000     0.4028200000     0.1808900000     0.1732000000     0.0471900000     1.6252000000     3.1409000000    12.1270000000   302.0100000000     0.0283040000     0.1280530000     0.1328600000     0.0340960000     0.0525280000     0.0114730000    22.2900000000    32.8700000000   144.9800000000  3394.9000000000     0.1406900000     1.0066900000     1.1460200000     0.2613100000     0.5073000000     0.1524600000     9.6000000000  ]
X_mu    = [  17.4883146067    22.3720224719   115.3322471910   977.0320224719     0.1026294944     0.1423594944     0.1562887079     0.0871708427     0.1925140449     0.0626004494     0.6126438202     1.2886185393     4.3169831461    71.5158426966     0.0067973876     0.0312666854     0.0406430899     0.0151994157     0.0205802360     0.0040123539    21.1092696629    30.3260674157   140.8046067416  1412.7685393258     0.1436180337     0.3625989888     0.4313915169     0.1789144382     0.3218971910     0.0905470225     2.8219101124  ]
