y_range =  124.0000000000
y_mu    =   45.9269662921
X_range = [  16.2700000000    28.9000000000   110.2000000000  1888.4000000000     0.0697300000     0.2590000000     0.3999500000     0.1808900000     0.1370000000     0.0470000000     1.6252000000     3.1409000000    12.1270000000   302.0100000000     0.0284630000     0.1280530000     0.1328600000     0.0340960000     0.0498470000     0.0114730000    22.2900000000    32.8700000000   147.1000000000  3394.9000000000     0.1406900000     0.9782600000     1.1088000000     0.2187000000     0.5035000000     0.1510600000     9.6000000000  ]
X_mu    = [  17.4284269663    22.1961235955   114.9753370787   971.7528089888     0.1028203933     0.1437588764     0.1567440449     0.0871261236     0.1920780899     0.0627372472     0.5992202247     1.2552011236     4.2145056180    69.8242696629     0.0067590281     0.0314329719     0.0404395506     0.0149284888     0.0202582584     0.0039795169    21.1004494382    30.0679213483   140.7765168539  1415.1415730337     0.1444665169     0.3700881461     0.4377214045     0.1797200000     0.3231342697     0.0910799438     2.8264044944  ]
