y_range =  124.0000000000
y_mu    =   46.1460674157
X_range = [  16.2700000000    28.9000000000   110.2000000000  1888.4000000000     0.0687800000     0.2406500000     0.4028200000     0.1808900000     0.1732000000     0.0321800000     1.6136000000     3.1409000000    12.1270000000   239.8100000000     0.0282410000     0.1280530000     0.1328600000     0.0332610000     0.0525280000     0.0112740000    20.2900000000    32.8700000000   142.0800000000  2923.9000000000     0.1406900000     1.0066900000     1.1460200000     0.2613100000     0.4209000000     0.1524600000     9.6000000000  ]
X_mu    = [  17.5217977528    22.4745505618   115.6276404494   980.7410112360     0.1029276966     0.1438133146     0.1585992697     0.0881641011     0.1936578652     0.0626491573     0.6083966292     1.2719595506     4.3029943820    71.0112921348     0.0067418202     0.0316362584     0.0413387079     0.0151815899     0.0207306292     0.0040163034    21.1548876404    30.3874719101   141.4016292135  1420.4870786517     0.1439180337     0.3688158427     0.4414151124     0.1800005618     0.3239808989     0.0909446629     2.8117977528  ]
