y_range =  124.0000000000
y_mu    =   46.4550561798
X_range = [  16.2700000000    28.9000000000   110.2000000000  1888.4000000000     0.0697300000     0.2653500000     0.3999500000     0.1808900000     0.1732000000     0.0471900000     1.6252000000     3.1409000000    11.9460000000   302.0100000000     0.0284630000     0.1280530000     0.1328600000     0.0340960000     0.0506270000     0.0114730000    22.2900000000    32.8700000000   147.1000000000  3394.9000000000     0.1298700000     0.9782600000     1.1088000000     0.2245500000     0.5035000000     0.1510600000     9.6000000000  ]
X_mu    = [  17.4235393258    22.2641011236   114.9578089888   971.8443820225     0.1028596067     0.1437136517     0.1575153933     0.0874985393     0.1933859551     0.0628074157     0.6064584270     1.2542983146     4.2793707865    70.8567415730     0.0067724551     0.0313491011     0.0408866292     0.0150185618     0.0206275843     0.0039900562    21.1195505618    30.1955056180   141.0950561798  1417.3028089888     0.1443850000     0.3683969101     0.4403899438     0.1805184270     0.3262500000     0.0910578090     2.8870786517  ]
