y_range =  124.0000000000
y_mu    =   47.4719101124
X_range = [  16.2700000000    28.9000000000   110.2000000000  1888.4000000000     0.0697300000     0.2600900000     0.4028200000     0.1808900000     0.1732000000     0.0470000000     1.6136000000     3.1409000000    12.1270000000   302.0100000000     0.0284630000     0.1280530000     0.1328600000     0.0340960000     0.0525280000     0.0114730000    22.2900000000    32.8700000000   144.9800000000  3394.9000000000     0.1406900000     1.0066900000     1.1460200000     0.2613100000     0.5073000000     0.1524600000     8.6000000000  ]
X_mu    = [  17.4644943820    22.3298876404   115.2996067416   976.4331460674     0.1029833708     0.1447399438     0.1590806180     0.0875556180     0.1924533708     0.0629060674     0.6068567416     1.2542000000     4.2966235955    71.0030337079     0.0068764719     0.0318714157     0.0414115730     0.0151267022     0.0202102753     0.0040637472    21.0887078652    30.1280898876   141.0507303371  1415.7078651685     0.1445841573     0.3703829213     0.4431515730     0.1798325843     0.3206067416     0.0914574719     2.8050561798  ]
