y_range =  124.0000000000
y_mu    =   46.8089887640
X_range = [  16.2700000000    27.3900000000   110.2000000000  1888.4000000000     0.0697300000     0.2653500000     0.3999500000     0.1808900000     0.1732000000     0.0470000000     1.6252000000     3.1409000000    12.1270000000   302.0100000000     0.0284630000     0.1280530000     0.1328600000     0.0340960000     0.0506270000     0.0114730000    22.2900000000    32.5000000000   147.1000000000  3394.9000000000     0.1406900000     0.9782600000     1.1088000000     0.2245500000     0.5035000000     0.1510600000     9.6000000000  ]
X_mu    = [  17.3994943820    22.3875280899   114.8310112360   969.5494382022     0.1027066854     0.1438080337     0.1572476966     0.0870257303     0.1930230337     0.0627917978     0.5932955056     1.2661157303     4.2138876404    69.2682584270     0.0067481067     0.0317419551     0.0409497191     0.0151148090     0.0205529775     0.0040174494    20.9931460674    30.3729775281   140.3141573034  1402.6994382022     0.1442277528     0.3715558989     0.4418955618     0.1802520225     0.3252151685     0.0913623596     2.8376404494  ]
