y_range =  124.0000000000
y_mu    =   46.9044943820
X_range = [  14.7800000000    28.9000000000   102.3000000000  1648.4000000000     0.0663000000     0.2653500000     0.4028200000     0.1808900000     0.1732000000     0.0471900000     1.6252000000     3.1409000000    12.1270000000   239.8100000000     0.0283040000     0.1280530000     0.1328600000     0.0340960000     0.0525280000     0.0114730000    20.2900000000    32.8700000000   144.2000000000  2923.9000000000     0.1287300000     1.0066900000     1.1460200000     0.2613100000     0.5073000000     0.1524600000     9.6000000000  ]
X_mu    = [  17.3538202247    22.2474719101   114.5435393258   961.2162921348     0.1034455056     0.1449334270     0.1596444944     0.0881906180     0.1937365169     0.0630606742     0.5910556180     1.2576044944     4.1772471910    68.0609550562     0.0068606404     0.0319985618     0.0416364045     0.0151865281     0.0207942247     0.0040744270    20.9123595506    30.0948876404   139.7121348315  1386.1376404494     0.1450385955     0.3716216854     0.4429375281     0.1812898876     0.3253005618     0.0918143820     2.8971910112  ]
