y_range =  124.0000000000
y_mu    =   48.0000000000
X_range = [  14.7800000000    23.4900000000   102.3000000000  1648.4000000000     0.0697300000     0.2653500000     0.4028200000     0.1808900000     0.1732000000     0.0471900000     1.6252000000     3.1409000000    12.1270000000   302.0100000000     0.0284630000     0.1280530000     0.1328600000     0.0340960000     0.0525280000     0.0114730000    22.2900000000    30.4900000000   147.1000000000  3394.9000000000     0.1406900000     1.0066900000     1.1460200000     0.2613100000     0.5073000000     0.1524600000     9.6000000000  ]
X_mu    = [  17.4519662921    22.2438202247   115.1127528090   975.1893258427     0.1023471348     0.1418318539     0.1551235393     0.0865587079     0.1927730337     0.0626211236     0.6015258427     1.2657421348     4.2709662921    70.7316292135     0.0066825506     0.0309816292     0.0404167978     0.0150241910     0.0202776124     0.0039606348    21.0510112360    30.1416292135   140.7068539326  1410.4707865169     0.1430073596     0.3650419101     0.4355853371     0.1786811236     0.3232915730     0.0907091011     2.8904494382  ]
