y_range =  124.0000000000
y_mu    =   45.6123595506
X_range = [  16.2700000000    21.9800000000   110.2000000000  1888.4000000000     0.0697300000     0.2406500000     0.4028200000     0.1808900000     0.1254000000     0.0292500000     1.6252000000     3.1409000000    12.1270000000   302.0100000000     0.0206630000     0.0932530000     0.1168600000     0.0314260000     0.0525280000     0.0102130000    22.2900000000    32.8700000000   144.9800000000  3394.9000000000     0.1406900000     0.8865900000     0.8534200000     0.2613100000     0.4209000000     0.0854600000     9.6000000000  ]
X_mu    = [  17.5397752809    22.1894382022   115.5980337079   984.9258426966     0.1018598876     0.1381697753     0.1520934270     0.0854844944     0.1911073034     0.0619834270     0.5977983146     1.2409488764     4.2125112360    70.0244382022     0.0065551067     0.0293231461     0.0388200000     0.0146473146     0.0202050112     0.0037709213    21.1689325843    30.0457303371   141.2603370787  1425.5595505618     0.1429803933     0.3523933708     0.4254701685     0.1765328652     0.3211719101     0.0891416854     2.7803370787  ]
