y_range =  124.0000000000
y_mu    =   47.1573033708
X_range = [  14.7800000000    28.9000000000   102.3000000000  1648.4000000000     0.0697300000     0.2653500000     0.4028200000     0.1808900000     0.1732000000     0.0471900000     1.6252000000     3.1409000000    12.1270000000   302.0100000000     0.0284630000     0.1280530000     0.1328600000     0.0340960000     0.0525280000     0.0114730000    22.2900000000    32.8700000000   147.1000000000  3394.9000000000     0.1406900000     1.0066900000     1.1460200000     0.2466100000     0.5073000000     0.1524600000     9.6000000000  ]
X_mu    = [  17.3714606742    22.1933146067   114.5489887640   965.4730337079     0.1026823596     0.1420241011     0.1560217416     0.0865320787     0.1938117978     0.0626154494     0.6131022472     1.2779275281     4.3191179775    71.3033707865     0.0068363708     0.0313901685     0.0409030899     0.0153207528     0.0210248989     0.0040115169    20.9728651685    30.0012921348   140.0435955056  1398.5859550562     0.1435197191     0.3622907865     0.4322791573     0.1785884831     0.3256837079     0.0904056180     2.7994382022  ]
