y_range =  124.0000000000
y_mu    =   47.2921348315
X_range = [  16.2700000000    28.9000000000   110.2000000000  1888.4000000000     0.0697300000     0.2653500000     0.3999500000     0.1808900000     0.1732000000     0.0471900000     1.6252000000     3.1409000000    12.1270000000   302.0100000000     0.0284630000     0.1280530000     0.1328600000     0.0340960000     0.0506270000     0.0114730000    22.2900000000    32.8700000000   147.1000000000  3394.9000000000     0.1406900000     0.9782600000     1.1088000000     0.2245500000     0.5035000000     0.1510600000     9.6000000000  ]
X_mu    = [  17.3600000000    22.1664606742   114.5689887640   963.6303370787     0.1026574157     0.1439328652     0.1569286517     0.0865026966     0.1934764045     0.0627893820     0.5916567416     1.2361786517     4.1822640449    68.4866853933     0.0068342809     0.0316157303     0.0409393820     0.0150693933     0.0208562360     0.0040169775    20.9175842697    29.9579213483   139.6619101124  1389.1853932584     0.1443642697     0.3697834270     0.4383112921     0.1788986517     0.3263191011     0.0912221348     2.9337078652  ]
