y_range =  124.0000000000
y_mu    =   47.3370786517
X_range = [  16.2700000000    27.3900000000   110.2000000000  1878.9000000000     0.0697300000     0.2653500000     0.4028200000     0.1808900000     0.1732000000     0.0471900000     1.6252000000     3.1409000000    12.1270000000   301.5100000000     0.0284630000     0.1280530000     0.1328600000     0.0340960000     0.0525280000     0.0114730000    22.2900000000    30.4900000000   147.1000000000  3389.0000000000     0.1406900000     1.0066900000     1.1460200000     0.2466100000     0.5073000000     0.1524600000     9.6000000000  ]
X_mu    = [  17.4128651685    22.2639325843   114.7225280899   970.5601123596     0.1023312360     0.1388800562     0.1528009551     0.0853721910     0.1916752809     0.0623852809     0.6041353933     1.2699831461     4.2157977528    70.5208426966     0.0068088876     0.0304911236     0.0403498315     0.0150225393     0.0204203652     0.0039566292    21.0210112360    30.0476404494   139.8975280899  1406.5528089888     0.1431528652     0.3526160674     0.4259988202     0.1753108989     0.3206089888     0.0897837640     2.8882022472  ]
