y_range =  124.0000000000
y_mu    =   47.7134831461
X_range = [  16.2700000000    28.9000000000   110.2000000000  1888.4000000000     0.0697300000     0.2653500000     0.4028200000     0.1808900000     0.1732000000     0.0471900000     1.5362000000     3.1409000000    10.4070000000   302.0100000000     0.0284630000     0.1269780000     0.1327900000     0.0340960000     0.0525280000     0.0114730000    22.2900000000    32.8700000000   147.1000000000  3394.9000000000     0.1406900000     1.0066900000     1.0810200000     0.2613100000     0.5073000000     0.1524600000     9.6000000000  ]
X_mu    = [  17.3335955056    22.2734269663   114.3102247191   961.7747191011     0.1026511236     0.1427758427     0.1556919663     0.0863611236     0.1935101124     0.0628149438     0.6006814607     1.2629876404     4.2342359551    69.6845505618     0.0068004719     0.0315113652     0.0409853933     0.0151314888     0.0207990562     0.0040406067    20.9465730337    30.1858988764   139.7480898876  1397.3556179775     0.1442860112     0.3660270225     0.4357151124     0.1784035393     0.3257000000     0.0910504494     2.8269662921  ]
