y_range =  124.0000000000
y_mu    =   47.7359550562
X_range = [  14.7800000000    27.3900000000   102.3000000000  1648.4000000000     0.0697300000     0.2653500000     0.4028200000     0.1808900000     0.1732000000     0.0471900000     1.6252000000     3.1409000000    11.9460000000   239.8100000000     0.0284630000     0.1280530000     0.1328600000     0.0340960000     0.0525280000     0.0114730000    20.2900000000    32.8700000000   144.2000000000  2923.9000000000     0.1406900000     1.0066900000     1.1460200000     0.2613100000     0.5073000000     0.1524600000     9.6000000000  ]
X_mu    = [  17.2569101124    22.2388202247   113.8004494382   952.2640449438     0.1023697753     0.1418766854     0.1542516292     0.0849714607     0.1932702247     0.0626980899     0.5912359551     1.2569101124     4.1568202247    68.0225842697     0.0067629494     0.0314900562     0.0411768539     0.0150729775     0.0205373146     0.0039891292    20.8261797753    30.1472471910   138.9486516854  1377.2915730337     0.1440303933     0.3698379775     0.4414257865     0.1783985955     0.3261646067     0.0914333146     2.8674157303  ]
