y_range =  124.0000000000
y_mu    =   47.0898876404
X_range = [  16.2700000000    28.9000000000   110.2000000000  1888.4000000000     0.0697300000     0.2406500000     0.4028200000     0.1808900000     0.1732000000     0.0471900000     1.6252000000     3.1409000000    12.1270000000   302.0100000000     0.0284630000     0.1280530000     0.1328600000     0.0340960000     0.0525280000     0.0114730000    22.2900000000    28.7400000000   147.1000000000  3394.9000000000     0.1406900000     0.8865900000     1.1460200000     0.2613100000     0.5073000000     0.1179600000     9.6000000000  ]
X_mu    = [  17.4188202247    22.1767415730   114.8306741573   971.0376404494     0.1027882584     0.1410735393     0.1544209551     0.0863894382     0.1921325843     0.0624953933     0.6030449438     1.2705095506     4.2570955056    69.9330337079     0.0067864944     0.0309436517     0.0404270225     0.0151207022     0.0207574438     0.0039391742    20.9853370787    29.9738202247   140.0882584270  1397.0466292135     0.1436489326     0.3598014607     0.4304212921     0.1780530899     0.3229977528     0.0898307865     2.8679775281  ]
