y_range =  122.0000000000
y_mu    =   47.1404494382
X_range = [  16.2700000000    28.9000000000   110.2000000000  1888.4000000000     0.0697300000     0.2653500000     0.4028200000     0.1781300000     0.1732000000     0.0471900000     1.6252000000     3.0541000000    12.1270000000   302.0100000000     0.0284630000     0.1280530000     0.1328600000     0.0340960000     0.0525280000     0.0114730000    22.2900000000    32.8700000000   144.9800000000  3394.9000000000     0.1406900000     1.0066900000     1.1460200000     0.2613100000     0.5073000000     0.1524600000     9.6000000000  ]
X_mu    = [  17.4104494382    22.3438764045   114.8597191011   969.2033707865     0.1033115169     0.1442611236     0.1580780899     0.0876002809     0.1938595506     0.0629410112     0.6063938202     1.2624938202     4.2664494382    70.8353932584     0.0068188820     0.0311392191     0.0411605056     0.0150396292     0.0206501236     0.0039791180    21.0621910112    30.2932584270   140.6065168539  1411.3202247191     0.1450332022     0.3693321348     0.4439448876     0.1798365169     0.3255342697     0.0913130899     2.7915730337  ]
