y_range =  124.0000000000
y_mu    =   46.8932584270
X_range = [  16.1400000000    28.9000000000   108.8000000000  1888.4000000000     0.0675300000     0.2653500000     0.3339200000     0.1674900000     0.1732000000     0.0471900000     1.6252000000     3.1409000000    12.1270000000   302.0100000000     0.0284630000     0.1280530000     0.1328600000     0.0340960000     0.0525280000     0.0114730000    21.8900000000    32.8700000000   140.4400000000  3394.9000000000     0.1406900000     1.0066900000     1.1460200000     0.2613100000     0.5073000000     0.1524600000     9.6000000000  ]
X_mu    = [  17.5189325843    22.4074719101   115.4988764045   979.4949438202     0.1017866292     0.1410737079     0.1544970225     0.0860961798     0.1917561798     0.0623546629     0.6057162921     1.2618550562     4.2758988764    70.8303370787     0.0066957528     0.0310336180     0.0404915730     0.0150341011     0.0203874831     0.0039607584    21.1822471910    30.3057865169   141.2822471910  1423.5685393258     0.1426734831     0.3627203371     0.4332201124     0.1782075843     0.3223539326     0.0901857865     2.7719101124  ]
