y_range =  124.0000000000
y_mu    =   46.2865168539
X_range = [  16.2700000000    28.9000000000   110.2000000000  1888.4000000000     0.0675300000     0.2653500000     0.3339200000     0.1709900000     0.1616000000     0.0471900000     1.6252000000     3.1409000000    12.1270000000   302.0100000000     0.0115330000     0.0932530000     0.0905600000     0.0314260000     0.0525280000     0.0102130000    22.2900000000    32.8700000000   147.1000000000  3394.9000000000     0.1406900000     1.0066900000     1.1460200000     0.2613100000     0.5073000000     0.1524600000     9.6000000000  ]
X_mu    = [  17.4578651685    22.3204494382   115.0993258427   974.2505617978     0.1019574157     0.1412367978     0.1541567416     0.0862092697     0.1923556180     0.0624636517     0.6052494382     1.2568230337     4.2671235955    70.3112921348     0.0065166011     0.0301951685     0.0394582022     0.0149613034     0.0204730449     0.0038763539    21.0868539326    30.1594943820   140.5320786517  1412.3780898876     0.1429489326     0.3613834831     0.4320319663     0.1777665730     0.3234483146     0.0904012921     2.8696629213  ]
