y_range =  124.0000000000
y_mu    =   47.4831460674
X_range = [  16.2700000000    23.4900000000   110.2000000000  1888.4000000000     0.0675300000     0.2653500000     0.3339200000     0.1709900000     0.1732000000     0.0471900000     1.6252000000     3.1409000000    12.1270000000   302.0100000000     0.0284630000     0.0782030000     0.1328600000     0.0340960000     0.0525280000     0.0114730000    22.2900000000    32.8700000000   147.1000000000  3394.9000000000     0.1406900000     1.0066900000     1.1460200000     0.2613100000     0.5073000000     0.1524600000     9.6000000000  ]
X_mu    = [  17.5054494382    22.1457865169   115.4603932584   981.2213483146     0.1024258989     0.1415724719     0.1567316292     0.0873132584     0.1920938202     0.0625057865     0.6127438202     1.2581078652     4.3313426966    71.7422471910     0.0066873371     0.0301754494     0.0402544944     0.0151577697     0.0203330449     0.0038964045    21.1588202247    29.9294382022   141.2905617978  1426.2044943820     0.1433742135     0.3594419101     0.4358033146     0.1784389888     0.3209000000     0.0900073034     2.8741573034  ]
