y_range =  124.0000000000
y_mu    =   46.8988764045
X_range = [  16.2700000000    28.9000000000   110.2000000000  1888.4000000000     0.0697300000     0.2653500000     0.4028200000     0.1808900000     0.1732000000     0.0471900000     1.6252000000     3.1409000000    12.1270000000   302.0100000000     0.0284630000     0.1280530000     0.1328600000     0.0339730000     0.0525280000     0.0114730000    22.2900000000    32.5000000000   144.9800000000  3394.9000000000     0.1406900000     1.0066900000     1.1460200000     0.2613100000     0.5073000000     0.1524600000     8.6000000000  ]
X_mu    = [  17.4219101124    22.4317415730   114.9583707865   970.5938202247     0.1028605056     0.1438559551     0.1571797753     0.0870449438     0.1936994382     0.0628183146     0.6079016854     1.2838455056     4.2942808989    70.8391573034     0.0068087191     0.0319095225     0.0413630899     0.0152877921     0.0210644888     0.0040617528    21.0157865169    30.3224719101   140.3464044944  1404.1016853933     0.1438730899     0.3689085393     0.4383460112     0.1794801685     0.3260500000     0.0912349438     2.7370786517  ]
