Lambda_gamma: 0.0
Time: 0.5747828483581543
Lambda_gamma: 0.0
Time: 0.5231430530548096
Lambda_gamma: 0.0
Time: 0.7174999713897705
Lambda_gamma: 0.0
Time: 0.8789329528808594
