y_range =  124.0000000000
y_mu    =   48.0224719101
X_range = [  16.2700000000    28.9000000000   110.2000000000  1888.4000000000     0.0697300000     0.2653500000     0.4028200000     0.1808900000     0.1732000000     0.0470000000     1.6252000000     3.1409000000    12.1270000000   302.0100000000     0.0284630000     0.1280530000     0.1328600000     0.0339730000     0.0525280000     0.0112740000    22.2900000000    32.8700000000   147.1000000000  3394.9000000000     0.1406900000     1.0066900000     1.1460200000     0.2613100000     0.5073000000     0.1524600000     9.6000000000  ]
X_mu    = [  17.3934831461    22.3184269663   114.7947752809   969.0471910112     0.1032804494     0.1431710674     0.1580015169     0.0875501124     0.1922112360     0.0628970787     0.6080376404     1.2776511236     4.2998651685    70.5946629213     0.0069082640     0.0314597528     0.0408967978     0.0150774382     0.0201312303     0.0040372022    20.9857865169    30.1311797753   140.2344382022  1399.9595505618     0.1449813483     0.3645464045     0.4382538202     0.1790728652     0.3197848315     0.0912402809     2.8387640449  ]
