y_range =  124.0000000000
y_mu    =   46.1629213483
X_range = [  16.2700000000    28.9000000000   110.2000000000  1888.4000000000     0.0697300000     0.2406500000     0.4028200000     0.1808900000     0.1732000000     0.0471900000     1.5362000000     3.0541000000    10.4070000000   302.0100000000     0.0284630000     0.1280530000     0.1328600000     0.0340960000     0.0525280000     0.0114730000    22.2900000000    32.8700000000   147.1000000000  3394.9000000000     0.1406900000     1.0066900000     1.1460200000     0.2613100000     0.5073000000     0.1524600000     9.6000000000  ]
X_mu    = [  17.5337640449    22.1785955056   115.6034269663   982.7353932584     0.1026894944     0.1420598876     0.1571062360     0.0875953371     0.1923988764     0.0624762921     0.6029786517     1.2537842697     4.2474550562    70.5466853933     0.0067169382     0.0314240449     0.0410221910     0.0151199607     0.0207719775     0.0039745730    21.1577528090    29.9905056180   141.1736516854  1423.3803370787     0.1433388202     0.3646048315     0.4376628652     0.1792525281     0.3237151685     0.0903334270     2.8707865169  ]
