y_range =  124.0000000000
y_mu    =   46.7865168539
X_range = [  16.2700000000    28.9000000000   110.2000000000  1888.4000000000     0.0697300000     0.2653500000     0.4028200000     0.1808900000     0.1732000000     0.0471900000     1.6252000000     3.1409000000    12.1270000000   302.0100000000     0.0284630000     0.1269780000     0.1327900000     0.0339730000     0.0525280000     0.0114730000    22.2900000000    32.8700000000   147.1000000000  3394.9000000000     0.1406900000     1.0066900000     1.1460200000     0.2613100000     0.5073000000     0.1524600000     9.6000000000  ]
X_mu    = [  17.4341011236    22.3717977528   115.0424157303   972.2966292135     0.1032561236     0.1443486517     0.1584365169     0.0877835393     0.1927898876     0.0629133146     0.6077966292     1.2744544944     4.2897808989    70.8514044944     0.0067790674     0.0315035843     0.0411187640     0.0150600449     0.0202855730     0.0040478427    21.0643258427    30.2319101124   140.6181460674  1411.3235955056     0.1444152247     0.3691073596     0.4415162360     0.1795081461     0.3225752809     0.0914753371     2.8724719101  ]
