y_range =  122.0000000000
y_mu    =   45.6292134831
X_range = [  16.2700000000    28.9000000000   110.2000000000  1888.4000000000     0.0675300000     0.2653500000     0.3339200000     0.1709900000     0.1732000000     0.0471900000     1.5362000000     3.1409000000    10.4070000000   302.0100000000     0.0284630000     0.1280530000     0.1328600000     0.0339730000     0.0525280000     0.0114730000    22.2900000000    32.8700000000   147.1000000000  3394.9000000000     0.1298700000     1.0066900000     1.1460200000     0.2613100000     0.5073000000     0.1524600000     9.6000000000  ]
X_mu    = [  17.3936516854    22.2042696629   114.7134269663   967.8129213483     0.1027850562     0.1424351685     0.1559212360     0.0868085393     0.1923938202     0.0627293820     0.5959005618     1.2451286517     4.1936460674    68.8398876404     0.0066978596     0.0307659831     0.0404401685     0.0151050449     0.0202660225     0.0039718933    21.0359550562    30.0830337079   140.3407865169  1406.8831460674     0.1442578652     0.3651149438     0.4375819663     0.1788684831     0.3227764045     0.0909903933     2.8921348315  ]
