y_range =  124.0000000000
y_mu    =   46.5112359551
X_range = [  16.2700000000    28.9000000000   110.2000000000  1888.4000000000     0.0697300000     0.2406500000     0.4028200000     0.1808900000     0.1732000000     0.0471900000     1.3152000000     3.1409000000     8.7860000000   219.7100000000     0.0284630000     0.0932530000     0.1328600000     0.0340960000     0.0525280000     0.0114730000    20.2800000000    32.8700000000   135.7000000000  2923.9000000000     0.1406900000     1.0066900000     1.1460200000     0.2613100000     0.5073000000     0.1524600000     9.6000000000  ]
X_mu    = [  17.3213483146    22.3266853933   114.2134831461   958.0713483146     0.1026096067     0.1419153933     0.1544384270     0.0860930337     0.1930483146     0.0627061236     0.5906117978     1.2579808989     4.1716011236    67.8102247191     0.0067355618     0.0308806180     0.0402970787     0.0149740787     0.0202411348     0.0040004270    20.8991573034    30.2053932584   139.5276966292  1383.9904494382     0.1441242135     0.3636795506     0.4345600562     0.1781441011     0.3228876404     0.0909496629     2.8219101124  ]
