y_range =  124.0000000000
y_mu    =   46.3707865169
X_range = [  16.2700000000    28.9000000000   110.2000000000  1888.4000000000     0.0697300000     0.2653500000     0.4028200000     0.1808900000     0.1616000000     0.0321800000     1.6252000000     3.1409000000    12.1270000000   302.0100000000     0.0206630000     0.1269780000     0.1167900000     0.0314260000     0.0525280000     0.0106330000    22.2900000000    32.8700000000   147.1000000000  3394.9000000000     0.1406900000     1.0066900000     1.1460200000     0.2613100000     0.4209000000     0.1524600000     9.6000000000  ]
X_mu    = [  17.3986516854    22.2238202247   114.7578651685   968.9483146067     0.1024565169     0.1428042697     0.1557700000     0.0866485393     0.1929370787     0.0626378090     0.6131522472     1.2329915730     4.3058539326    71.6050000000     0.0065843933     0.0305578820     0.0399792697     0.0148201798     0.0201807416     0.0038744045    21.0593820225    30.0528089888   140.6314044944  1410.9162921348     0.1438601685     0.3664798315     0.4380173596     0.1783434270     0.3231797753     0.0906861798     2.8056179775  ]
