y_range =  124.0000000000
y_mu    =   45.4831460674
X_range = [  16.2700000000    23.4900000000   110.2000000000  1878.9000000000     0.0687800000     0.2600900000     0.4028200000     0.1808900000     0.1370000000     0.0471900000     1.6136000000     3.1409000000    12.1270000000   299.0300000000     0.0283040000     0.1280530000     0.1328600000     0.0340960000     0.0525280000     0.0114730000    22.2900000000    32.8700000000   147.1000000000  3389.0000000000     0.1278900000     1.0066900000     1.1460200000     0.2613100000     0.5073000000     0.1524600000     9.6000000000  ]
X_mu    = [  17.5226966292    22.1480898876   115.5638764045   981.9028089888     0.1024542135     0.1416588764     0.1572273596     0.0869524719     0.1914162921     0.0624329775     0.6080089888     1.2733168539     4.2738202247    71.4163483146     0.0067896910     0.0311502247     0.0413200562     0.0152507472     0.0205184382     0.0039956573    21.1110112360    29.9521910112   140.9146067416  1419.6370786517     0.1431669101     0.3597741573     0.4382145506     0.1782170225     0.3193044944     0.0902751124     2.8168539326  ]
