y_range =  124.0000000000
y_mu    =   47.3764044944
X_range = [  16.2700000000    28.9000000000   110.2000000000  1878.9000000000     0.0697300000     0.2653500000     0.4028200000     0.1781300000     0.1732000000     0.0471900000     1.6252000000     3.1409000000    12.1270000000   301.5100000000     0.0284630000     0.1280530000     0.1328600000     0.0340960000     0.0525280000     0.0114730000    22.2900000000    32.5000000000   147.1000000000  3389.0000000000     0.1406900000     1.0066900000     1.1460200000     0.2613100000     0.5073000000     0.1524600000     9.6000000000  ]
X_mu    = [  17.3297191011    22.3121910112   114.2888764045   959.4011235955     0.1027602247     0.1424681461     0.1552489326     0.0861960112     0.1927735955     0.0628212360     0.5942640449     1.2772382022     4.1828595506    68.8162921348     0.0068017697     0.0312332584     0.0406386517     0.0149678146     0.0202811910     0.0040251236    20.8781460674    30.2057865169   139.2601123596  1382.0320224719     0.1441258989     0.3651306742     0.4354162360     0.1769014045     0.3230022472     0.0911849438     2.9258426966  ]
