y_range =  124.0000000000
y_mu    =   46.6741573034
X_range = [  16.2700000000    28.9000000000   110.2000000000  1888.4000000000     0.0697300000     0.2653500000     0.4028200000     0.1808900000     0.1732000000     0.0471900000     1.6252000000     3.1409000000    12.1270000000   302.0100000000     0.0284630000     0.1280530000     0.1328600000     0.0340960000     0.0517480000     0.0114730000    22.2900000000    32.8700000000   147.1000000000  3394.9000000000     0.1406900000     1.0066900000     1.0810200000     0.2613100000     0.5073000000     0.1524600000     9.6000000000  ]
X_mu    = [  17.4471910112    22.3565168539   115.1328651685   976.4044943820     0.1022376966     0.1423185393     0.1564812360     0.0865160112     0.1920179775     0.0626063483     0.6101786517     1.2713578652     4.3189943820    71.3703370787     0.0067957528     0.0312456742     0.0407405056     0.0150214213     0.0204650112     0.0039700562    21.0880898876    30.2286516854   140.9666292135  1418.7376404494     0.1436011798     0.3638048315     0.4343589326     0.1773115169     0.3214685393     0.0905355056     2.8280898876  ]
