y_range =  124.0000000000
y_mu    =   47.4269662921
X_range = [  16.2700000000    23.4900000000   110.2000000000  1888.4000000000     0.0663000000     0.2653500000     0.4028200000     0.1808900000     0.1732000000     0.0471900000     1.6252000000     3.1409000000    12.1270000000   302.0100000000     0.0283040000     0.0932530000     0.1328600000     0.0340960000     0.0525280000     0.0114730000    22.2900000000    32.8700000000   144.9800000000  3394.9000000000     0.1298700000     1.0066900000     1.1460200000     0.2411100000     0.5073000000     0.1524600000     9.6000000000  ]
X_mu    = [  17.4094943820    22.1448314607   114.8088202247   968.4561797753     0.1027524157     0.1420332584     0.1557648876     0.0867410112     0.1926646067     0.0626851124     0.6013808989     1.2516185393     4.2340842697    70.0284831461     0.0066927079     0.0303975281     0.0403879775     0.0150118820     0.0204324270     0.0039463652    21.0492134831    30.0912359551   140.5649438202  1406.9775280899     0.1441477528     0.3620686517     0.4367314045     0.1790500000     0.3237859551     0.0908847753     2.7426966292  ]
