y_range =  124.0000000000
y_mu    =   46.1292134831
X_range = [  16.2700000000    28.9000000000   110.2000000000  1888.4000000000     0.0697300000     0.2653500000     0.4028200000     0.1781300000     0.1370000000     0.0471900000     1.6252000000     3.0541000000    12.1270000000   302.0100000000     0.0284630000     0.0932530000     0.1328600000     0.0340960000     0.0525280000     0.0114730000    22.2900000000    32.8700000000   144.9800000000  3394.9000000000     0.1406900000     1.0066900000     1.0810200000     0.2613100000     0.5073000000     0.1524600000     9.6000000000  ]
X_mu    = [  17.5617415730    22.3111235955   115.8097752809   985.3634831461     0.1026320225     0.1421159551     0.1567019101     0.0874174157     0.1920606742     0.0623964607     0.6107544944     1.2669792135     4.2846629213    71.6623595506     0.0067126461     0.0305979775     0.0404667416     0.0150290337     0.0204354045     0.0039183034    21.2353370787    30.2276966292   141.6023033708  1431.1617977528     0.1438461236     0.3628742697     0.4353724157     0.1792014045     0.3226780899     0.0903195506     2.8747191011  ]
