y_range =  124.0000000000
y_mu    =   47.2977528090
X_range = [  16.2700000000    28.9000000000   110.2000000000  1888.4000000000     0.0697300000     0.2653500000     0.3957000000     0.1808900000     0.1732000000     0.0471900000     1.6136000000     2.7579000000    12.1270000000   302.0100000000     0.0284630000     0.1280530000     0.1328600000     0.0340960000     0.0506270000     0.0114730000    22.2900000000    32.8700000000   144.9800000000  3394.9000000000     0.1406900000     0.9605500000     1.0879900000     0.2245500000     0.5035000000     0.1510600000     9.6000000000  ]
X_mu    = [  17.4011797753    22.3479775281   114.8125280899   968.5162921348     0.1026973034     0.1442386517     0.1562348876     0.0866384270     0.1936151685     0.0629483146     0.5961578652     1.2449825843     4.2130337079    69.5661797753     0.0066822303     0.0314070225     0.0404510112     0.0147762865     0.0208459551     0.0039668596    21.0824719101    30.4228651685   140.8332584270  1412.3494382022     0.1446704494     0.3732169101     0.4433393820     0.1798301124     0.3291264045     0.0916682022     2.8033707865  ]
