y_range =  124.0000000000
y_mu    =   47.4438202247
X_range = [  16.2700000000    28.9000000000   110.2000000000  1888.4000000000     0.0697300000     0.2653500000     0.4028200000     0.1808900000     0.1732000000     0.0307900000     1.6252000000     3.1409000000    12.1270000000   302.0100000000     0.0284630000     0.1280530000     0.1328600000     0.0340960000     0.0525280000     0.0114730000    22.2900000000    30.4900000000   147.1000000000  3394.9000000000     0.1406900000     0.8865900000     1.1460200000     0.2613100000     0.3993000000     0.0895600000     9.6000000000  ]
X_mu    = [  17.3837640449    22.1094943820   114.5832584270   966.1668539326     0.1024478652     0.1405319663     0.1531447191     0.0856715730     0.1920005618     0.0624876404     0.6042162921     1.2432314607     4.2507752809    70.2778651685     0.0067807865     0.0306179213     0.0402985955     0.0149492809     0.0202188483     0.0039226742    21.0073595506    29.8320224719   140.1494943820  1403.1146067416     0.1437197191     0.3587233708     0.4311892697     0.1774143258     0.3209769663     0.0899866854     2.8533707865  ]
