y_range =  124.0000000000
y_mu    =   46.8595505618
X_range = [  16.2700000000    27.3900000000   110.2000000000  1888.4000000000     0.0697300000     0.2653500000     0.4028200000     0.1808900000     0.1732000000     0.0471900000     1.6252000000     3.0541000000    12.1270000000   302.0100000000     0.0284630000     0.1280530000     0.1328600000     0.0340960000     0.0525280000     0.0114730000    22.2900000000    32.8700000000   144.9800000000  3394.9000000000     0.1406900000     1.0066900000     1.1460200000     0.2466100000     0.5073000000     0.1524600000     9.6000000000  ]
X_mu    = [  17.4922471910    22.5561797753   115.3828089888   980.1910112360     0.1025946629     0.1424521910     0.1571628652     0.0871285393     0.1929921348     0.0624727528     0.6112455056     1.2875898876     4.3206910112    71.4826966292     0.0068290899     0.0315451685     0.0414592135     0.0152466348     0.0208161348     0.0040031124    21.1347191011    30.5458988764   141.1683146067  1421.2752808989     0.1440045506     0.3656079775     0.4395437640     0.1792553371     0.3245044944     0.0904297191     2.8398876404  ]
