y_range =  124.0000000000
y_mu    =   47.4101123596
X_range = [  16.2700000000    28.9000000000   110.2000000000  1888.4000000000     0.0687800000     0.2600900000     0.4028200000     0.1808900000     0.1732000000     0.0471900000     1.5362000000     3.1409000000    10.4070000000   302.0100000000     0.0283040000     0.1280530000     0.1328600000     0.0340960000     0.0525280000     0.0114730000    22.2900000000    30.4900000000   147.1000000000  3394.9000000000     0.1406900000     1.0066900000     1.1460200000     0.2443100000     0.5073000000     0.1524600000     9.6000000000  ]
X_mu    = [  17.2899438202    22.1270224719   113.9873033708   956.2157303371     0.1028473034     0.1412646629     0.1540386517     0.0856552809     0.1919938202     0.0627614607     0.5997084270     1.2616303371     4.2187921348    69.4279775281     0.0068515056     0.0312650000     0.0409264607     0.0152092809     0.0204014326     0.0040297360    20.8607865169    29.9652808989   139.1649438202  1384.0230337079     0.1441927528     0.3628134831     0.4336797191     0.1779681461     0.3212426966     0.0909412360     2.8438202247  ]
