y_range =  124.0000000000
y_mu    =   47.4101123596
X_range = [  16.2700000000    28.9000000000   110.2000000000  1888.4000000000     0.0697300000     0.2653500000     0.3999500000     0.1808900000     0.1732000000     0.0471900000     1.6252000000     3.1409000000    12.1270000000   302.0100000000     0.0284630000     0.1280530000     0.1328600000     0.0340960000     0.0506270000     0.0114730000    22.2900000000    32.8700000000   147.1000000000  3394.9000000000     0.1406900000     0.9782600000     1.1088000000     0.2245500000     0.5035000000     0.1510600000     9.6000000000  ]
X_mu    = [  17.4652247191    22.2879775281   115.2359550562   974.9129213483     0.1028150562     0.1442979775     0.1581163483     0.0876666292     0.1936691011     0.0629139326     0.6069910112     1.2606365169     4.2709438202    71.1405056180     0.0067503933     0.0314396629     0.0409055056     0.0151470281     0.0206929213     0.0040297640    21.1158426966    30.2005617978   140.9523595506  1416.7623595506     0.1441064045     0.3690160112     0.4402657865     0.1802941573     0.3258247191     0.0912348876     2.7955056180  ]
