y_range =  124.0000000000
y_mu    =   47.0449438202
X_range = [  16.2700000000    28.9000000000   110.2000000000  1888.4000000000     0.0697300000     0.2653500000     0.4028200000     0.1808900000     0.1732000000     0.0471900000     1.6252000000     3.1409000000    12.1270000000   302.0100000000     0.0284630000     0.1280530000     0.1328600000     0.0340960000     0.0525280000     0.0114730000    22.2900000000    32.8700000000   147.1000000000  3394.9000000000     0.1406900000     1.0066900000     1.1460200000     0.2613100000     0.5073000000     0.1524600000     9.6000000000  ]
X_mu    = [  17.4936516854    22.3204494382   115.4021348315   979.6101123596     0.1023971910     0.1425924157     0.1563538202     0.0867699438     0.1926185393     0.0626029775     0.6048320225     1.2622056180     4.2592808989    70.4864044944     0.0068329944     0.0310610899     0.0405584270     0.0149938989     0.0207120337     0.0039443596    21.1437640449    30.2177528090   141.0857303371  1421.7696629213     0.1437111236     0.3636025843     0.4349425843     0.1789216292     0.3241028090     0.0905250000     2.8797752809  ]
