y_range =  124.0000000000
y_mu    =   46.6292134831
X_range = [  16.2700000000    28.9000000000   110.2000000000  1888.4000000000     0.0697300000     0.2653500000     0.4028200000     0.1808900000     0.1732000000     0.0471900000     1.6252000000     3.1409000000    12.1270000000   302.0100000000     0.0284630000     0.1280530000     0.1328600000     0.0340960000     0.0525280000     0.0114730000    22.2900000000    32.8700000000   147.1000000000  3394.9000000000     0.1406900000     1.0066900000     1.1460200000     0.2466100000     0.5073000000     0.1524600000     9.6000000000  ]
X_mu    = [  17.3069662921    22.2211235955   114.1210674157   959.1455056180     0.1032927528     0.1422549438     0.1566917416     0.0865882584     0.1925584270     0.0629200000     0.6013713483     1.2577792135     4.2121797753    69.9107865169     0.0067947865     0.0305439326     0.0407632022     0.0149773315     0.0203324270     0.0039451742    20.9081460674    30.1370786517   139.4626966292  1391.8140449438     0.1448674719     0.3636902247     0.4383364607     0.1780856742     0.3231707865     0.0910191011     2.8764044944  ]
