y_range =  124.0000000000
y_mu    =   47.1123595506
X_range = [  16.2700000000    28.9000000000   110.2000000000  1878.9000000000     0.0697300000     0.2653500000     0.4028200000     0.1808900000     0.1732000000     0.0471900000     1.6252000000     3.1409000000    12.1270000000   239.3100000000     0.0284630000     0.1269780000     0.1327900000     0.0340960000     0.0525280000     0.0114730000    20.2900000000    32.8700000000   144.2000000000  2918.0000000000     0.1406900000     1.0066900000     1.0810200000     0.2613100000     0.5073000000     0.1524600000     9.6000000000  ]
X_mu    = [  17.4674719101    22.1835393258   115.2742696629   973.9387640449     0.1032607865     0.1437988764     0.1589778652     0.0883403933     0.1933938202     0.0627293258     0.6057376404     1.2807488764     4.2777808989    70.3000000000     0.0068421966     0.0312979382     0.0411153933     0.0151359213     0.0206414157     0.0039939719    21.0768539326    30.0830337079   140.7531460674  1408.4415730337     0.1444876966     0.3629567978     0.4363027528     0.1793714607     0.3238870787     0.0905095506     2.8943820225  ]
