y_range =  124.0000000000
y_mu    =   47.2191011236
X_range = [  14.7800000000    23.4900000000   102.3000000000  1648.4000000000     0.0697300000     0.2653500000     0.4028200000     0.1808900000     0.1732000000     0.0471900000     1.6252000000     3.1409000000    12.1270000000   302.0100000000     0.0284630000     0.1280530000     0.1328600000     0.0340960000     0.0525280000     0.0114730000    22.2900000000    32.8700000000   147.1000000000  3394.9000000000     0.1406900000     0.8865900000     1.1460200000     0.2613100000     0.5073000000     0.1179600000     9.6000000000  ]
X_mu    = [  17.3336516854    21.9251123596   114.3562359551   960.3825842697     0.1027286517     0.1428846067     0.1560488764     0.0863171348     0.1935752809     0.0627700562     0.6041505618     1.2271398876     4.2677078652    70.1201123596     0.0067777697     0.0312919101     0.0409142697     0.0150600393     0.0207109101     0.0039841910    20.9110674157    29.5660112360   139.7309550562  1389.1516853933     0.1438545506     0.3642711236     0.4365038764     0.1783221910     0.3253073034     0.0906515730     2.8696629213  ]
