y_range =  124.0000000000
y_mu    =   47.3314606742
X_range = [  14.7800000000    28.9000000000   102.3000000000  1648.4000000000     0.0697300000     0.2653500000     0.4028200000     0.1808900000     0.1732000000     0.0471900000     1.6252000000     3.1409000000    12.1270000000   302.0100000000     0.0284630000     0.1280530000     0.1328600000     0.0340960000     0.0525280000     0.0114730000    22.2900000000    32.8700000000   147.1000000000  3394.9000000000     0.1406900000     1.0066900000     1.1460200000     0.2613100000     0.5073000000     0.1524600000     9.6000000000  ]
X_mu    = [  17.2851123596    22.2410674157   113.9550561798   954.4016853933     0.1024743258     0.1414255618     0.1538093820     0.0854446067     0.1925376404     0.0626008989     0.6054640449     1.2495241573     4.2692247191    69.9123595506     0.0067122135     0.0311244382     0.0403018539     0.0149765112     0.0205543933     0.0039720225    20.8722471910    30.0024719101   139.3211235955  1381.5325842697     0.1433028652     0.3637907865     0.4308589326     0.1762794944     0.3228983146     0.0904889326     2.8286516854  ]
