y_range =  122.0000000000
y_mu    =   47.1629213483
X_range = [  16.2700000000    28.9000000000   110.2000000000  1888.4000000000     0.0697300000     0.2653500000     0.4028200000     0.1808900000     0.1732000000     0.0471900000     1.6252000000     3.1409000000    12.1270000000   302.0100000000     0.0284630000     0.1280530000     0.1328600000     0.0340960000     0.0525280000     0.0114730000    22.2900000000    32.8700000000   144.9800000000  3394.9000000000     0.1364900000     1.0066900000     1.1460200000     0.2613100000     0.5073000000     0.1524600000     8.6000000000  ]
X_mu    = [  17.3875280899    22.1734831461   114.7196067416   967.4061797753     0.1027715169     0.1425358989     0.1565010112     0.0865605618     0.1932061798     0.0626574157     0.6013629213     1.2666505618     4.2310000000    69.8588764045     0.0068288764     0.0313216854     0.0409711798     0.0151721404     0.0208407809     0.0040302360    20.9352808989    29.9191573034   139.7259550562  1393.7247191011     0.1438354494     0.3626068539     0.4361566854     0.1779401124     0.3233382022     0.0908332584     2.8589887640  ]
