y_range =  124.0000000000
y_mu    =   48.0730337079
X_range = [  16.2700000000    23.4900000000   110.2000000000  1888.4000000000     0.0697300000     0.2653500000     0.4028200000     0.1808900000     0.1732000000     0.0470000000     1.6252000000     2.7579000000    12.1270000000   239.8100000000     0.0284630000     0.1280530000     0.1328600000     0.0340960000     0.0525280000     0.0112740000    20.2900000000    32.8700000000   144.2000000000  2923.9000000000     0.1406900000     1.0066900000     1.1460200000     0.2613100000     0.5073000000     0.1524600000     9.6000000000  ]
X_mu    = [  17.2705056180    22.0417415730   113.8435955056   954.0516853933     0.1029353933     0.1420474719     0.1531801685     0.0855300562     0.1921511236     0.0628105056     0.5893331461     1.2592634831     4.1250786517    67.9468539326     0.0067137472     0.0308407135     0.0396833146     0.0148452247     0.0203082697     0.0039651348    20.8820224719    30.0532022472   139.1528651685  1385.9640449438     0.1445770225     0.3673868539     0.4346999438     0.1780828652     0.3242112360     0.0913916854     2.7539325843  ]
