y_range =  124.0000000000
y_mu    =   45.5449438202
X_range = [  16.2700000000    24.9400000000   110.2000000000  1888.4000000000     0.0697300000     0.2653500000     0.4028200000     0.1808900000     0.1732000000     0.0471900000     1.6252000000     3.1409000000    11.9460000000   302.0100000000     0.0284630000     0.1280530000     0.1328600000     0.0339730000     0.0525280000     0.0112740000    22.2900000000    32.8700000000   147.1000000000  3394.9000000000     0.1406900000     1.0066900000     1.1460200000     0.2466100000     0.5073000000     0.1524600000     9.6000000000  ]
X_mu    = [  17.4919101124    22.4985393258   115.3332022472   979.9848314607     0.1022950000     0.1411596629     0.1548439888     0.0864602247     0.1923219101     0.0624801124     0.6103646067     1.2866893258     4.2924325843    70.9644382022     0.0067974888     0.0308212584     0.0406323034     0.0151854551     0.0207815843     0.0039871236    21.1079775281    30.4017977528   140.8480898876  1416.4050561798     0.1433860112     0.3580076404     0.4299252247     0.1773194944     0.3227640449     0.0903619663     2.8230337079  ]
