y_range =  124.0000000000
y_mu    =   46.1741573034
X_range = [  16.2700000000    28.9000000000   110.2000000000  1888.4000000000     0.0697300000     0.2653500000     0.4028200000     0.1808900000     0.1732000000     0.0321800000     1.6252000000     3.1409000000    12.1270000000   302.0100000000     0.0284630000     0.1280530000     0.1328600000     0.0340960000     0.0525280000     0.0114730000    22.2900000000    32.8700000000   147.1000000000  3394.9000000000     0.1364900000     1.0066900000     1.1460200000     0.2613100000     0.4209000000     0.1524600000     9.6000000000  ]
X_mu    = [  17.5214044944    22.4672471910   115.6098314607   981.8230337079     0.1019232022     0.1423989888     0.1560559551     0.0865506742     0.1924657303     0.0624303371     0.6027089888     1.2732769663     4.2744887640    70.7239325843     0.0067789382     0.0313607528     0.0405367978     0.0150313652     0.0203772416     0.0039716067    21.0953370787    30.2865168539   141.0797191011  1416.2028089888     0.1425903371     0.3636357303     0.4322150562     0.1779165730     0.3207443820     0.0900641011     2.8258426966  ]
