y_range =  124.0000000000
y_mu    =   46.4550561798
X_range = [  16.2700000000    28.9000000000   110.2000000000  1888.4000000000     0.0697300000     0.2406500000     0.4028200000     0.1808900000     0.1732000000     0.0471900000     1.5362000000     3.1409000000    10.4070000000   302.0100000000     0.0284630000     0.1280530000     0.1328600000     0.0340960000     0.0525280000     0.0114730000    22.2900000000    32.8700000000   147.1000000000  3394.9000000000     0.1364900000     1.0066900000     1.1460200000     0.2613100000     0.5073000000     0.1524600000     9.6000000000  ]
X_mu    = [  17.3003932584    22.1850561798   114.0367415730   958.9977528090     0.1022166854     0.1400056180     0.1526583708     0.0851544382     0.1922595506     0.0625697191     0.5951471910     1.2515443820     4.1958595506    69.1802808989     0.0067762247     0.0309393315     0.0401405618     0.0150224382     0.0203469213     0.0039850169    20.8548876404    29.9382022472   139.1244943820  1386.3292134831     0.1432764607     0.3598334831     0.4286488202     0.1770365169     0.3213752809     0.0906560674     2.8550561798  ]
