y_range =  124.0000000000
y_mu    =   46.4213483146
X_range = [  16.1400000000    28.9000000000   108.8000000000  1888.4000000000     0.0697300000     0.2653500000     0.4028200000     0.1781300000     0.1732000000     0.0471900000     1.6252000000     2.7579000000    12.1270000000   302.0100000000     0.0284630000     0.1280530000     0.1328600000     0.0340960000     0.0525280000     0.0114730000    21.8900000000    32.8700000000   147.1000000000  3394.9000000000     0.1406900000     1.0066900000     1.1460200000     0.2613100000     0.5073000000     0.1524600000     9.6000000000  ]
X_mu    = [  17.3912921348    22.2682022472   114.7051123596   966.0724719101     0.1025479213     0.1422741573     0.1553376404     0.0862727528     0.1926977528     0.0627612921     0.6017696629     1.2564797753     4.2395112360    70.4543258427     0.0067551404     0.0311371348     0.0405571348     0.0149365225     0.0202272022     0.0039977978    21.0188764045    30.1671348315   140.2809550562  1405.1966292135     0.1441607303     0.3681003371     0.4392347753     0.1785761236     0.3237601124     0.0912476404     2.8977528090  ]
