y_range =  124.0000000000
y_mu    =   46.4044943820
X_range = [  16.2700000000    23.4900000000   110.2000000000  1888.4000000000     0.0697300000     0.2653500000     0.4028200000     0.1808900000     0.1254000000     0.0471900000     1.6252000000     3.1409000000    12.1270000000   239.8100000000     0.0206630000     0.1280530000     0.1168600000     0.0314260000     0.0525280000     0.0104340000    20.2900000000    32.5000000000   144.2000000000  2923.9000000000     0.1298700000     1.0066900000     1.1460200000     0.2466100000     0.5073000000     0.1524600000     9.6000000000  ]
X_mu    = [  17.3284269663    22.2057303371   114.2807865169   960.7500000000     0.1030744382     0.1420459551     0.1571717416     0.0867793258     0.1929376404     0.0627683146     0.5962955056     1.2802264045     4.2082191011    68.8326404494     0.0067012528     0.0308817360     0.0407757865     0.0150013315     0.0208138315     0.0039233539    20.8630898876    30.1647191011   139.3317977528  1385.1101123596     0.1444342697     0.3618025843     0.4380454494     0.1786447753     0.3247337079     0.0904744382     2.7567415730  ]
