y_range =  124.0000000000
y_mu    =   46.4213483146
X_range = [  16.2700000000    28.9000000000   110.2000000000  1888.4000000000     0.0687800000     0.2653500000     0.4028200000     0.1808900000     0.1732000000     0.0321800000     1.6252000000     3.1409000000    12.1270000000   302.0100000000     0.0283040000     0.1280530000     0.1328600000     0.0340960000     0.0525280000     0.0114730000    22.2900000000    32.8700000000   147.1000000000  3394.9000000000     0.1406900000     1.0066900000     1.1460200000     0.2613100000     0.4209000000     0.1524600000     9.6000000000  ]
X_mu    = [  17.4661797753    22.2034831461   115.2105056180   975.2235955056     0.1026091573     0.1418693258     0.1560706180     0.0868934831     0.1929432584     0.0624139888     0.5960584270     1.2626741573     4.2010168539    69.7077528090     0.0067797809     0.0308370225     0.0404265169     0.0150015449     0.0204710225     0.0039217978    21.0332584270    30.0578089888   140.3190449438  1407.0887640449     0.1438438764     0.3627548315     0.4345858989     0.1783251685     0.3226443820     0.0900949438     2.8713483146  ]
