y_range =  124.0000000000
y_mu    =   47.6516853933
X_range = [  16.2700000000    28.9000000000   110.2000000000  1888.4000000000     0.0697300000     0.2653500000     0.4028200000     0.1808900000     0.1732000000     0.0321800000     1.6252000000     3.0541000000    11.9460000000   302.0100000000     0.0284630000     0.1280530000     0.1328600000     0.0340960000     0.0525280000     0.0114730000    22.2900000000    32.8700000000   147.1000000000  3394.9000000000     0.1406900000     1.0066900000     1.1460200000     0.2613100000     0.4209000000     0.1524600000     9.6000000000  ]
X_mu    = [  17.3927528090    22.2775280899   114.6985393258   968.6882022472     0.1026287079     0.1418756742     0.1550128090     0.0865239326     0.1933320225     0.0626106742     0.6044994382     1.2749404494     4.2643820225    70.4807303371     0.0067636629     0.0307800000     0.0401720225     0.0149960730     0.0205774831     0.0039486236    20.9871348315    30.1769101124   140.1134269663  1402.8943820225     0.1436466854     0.3613166292     0.4294027528     0.1773890449     0.3233522472     0.0903992697     2.8988764045  ]
