y_range =  124.0000000000
y_mu    =   47.8426966292
X_range = [  16.2700000000    28.9000000000   110.2000000000  1888.4000000000     0.0697300000     0.2653500000     0.4028200000     0.1808900000     0.1732000000     0.0471900000     1.6136000000     3.1409000000    12.1270000000   302.0100000000     0.0284630000     0.1280530000     0.1328600000     0.0340960000     0.0525280000     0.0114730000    22.2900000000    32.8700000000   147.1000000000  3394.9000000000     0.1406900000     1.0066900000     1.1460200000     0.2613100000     0.5073000000     0.1524600000     9.6000000000  ]
X_mu    = [  17.3310674157    22.3201685393   114.2482022472   960.1146067416     0.1026174157     0.1416059551     0.1543915169     0.0857953371     0.1925578652     0.0627520787     0.6007640449     1.2879741573     4.2408033708    69.2561797753     0.0068301798     0.0312050562     0.0409877528     0.0152448876     0.0206591124     0.0039981573    20.8344943820    30.2221910112   139.0773033708  1376.7269662921     0.1436635393     0.3612716854     0.4334139888     0.1774199438     0.3216915730     0.0906317978     2.8685393258  ]
