y_range =  124.0000000000
y_mu    =   45.3820224719
X_range = [  16.2700000000    28.9000000000   110.2000000000  1888.4000000000     0.0697300000     0.2653500000     0.4028200000     0.1808900000     0.1732000000     0.0471900000     1.6252000000     2.7579000000    11.9460000000   302.0100000000     0.0284630000     0.1280530000     0.1328600000     0.0340960000     0.0525280000     0.0114730000    22.2900000000    32.8700000000   147.1000000000  3394.9000000000     0.1406900000     1.0066900000     1.1460200000     0.2466100000     0.5073000000     0.1524600000     9.6000000000  ]
X_mu    = [  17.4388764045    22.2636516854   115.0501123596   974.1904494382     0.1025267978     0.1433260112     0.1573533708     0.0868115169     0.1934016854     0.0626103371     0.6076370787     1.2467988764     4.2819325843    71.1397191011     0.0067391404     0.0314803989     0.0413311798     0.0150810730     0.0205507416     0.0039631966    21.1119101124    30.1400000000   141.0143820225  1418.9943820225     0.1440011798     0.3712205618     0.4442679213     0.1796213483     0.3254561798     0.0910779213     2.8904494382  ]
