y_range =  124.0000000000
y_mu    =   46.6853932584
X_range = [  16.2700000000    27.3900000000   110.2000000000  1888.4000000000     0.0697300000     0.2653500000     0.4028200000     0.1808900000     0.1732000000     0.0471900000     1.6252000000     3.1409000000    12.1270000000   239.8100000000     0.0284630000     0.1280530000     0.1328600000     0.0340960000     0.0525280000     0.0114730000    20.2800000000    32.5000000000   135.7000000000  2923.9000000000     0.1298700000     1.0066900000     1.1460200000     0.2613100000     0.5073000000     0.1524600000     9.6000000000  ]
X_mu    = [  17.3550561798    22.4739887640   114.4438202247   961.2471910112     0.1025575281     0.1413817416     0.1538251124     0.0859172472     0.1921814607     0.0625793258     0.5855426966     1.2677275281     4.1134213483    66.8291573034     0.0066905393     0.0306782584     0.0401697191     0.0149116798     0.0202170337     0.0039012753    20.8865730337    30.4667977528   139.2503370787  1380.0842696629     0.1438696629     0.3633413483     0.4338426404     0.1775762360     0.3230202247     0.0904927528     2.8365168539  ]
