y_range =  124.0000000000
y_mu    =   47.2471910112
X_range = [  16.2700000000    28.9000000000   110.2000000000  1888.4000000000     0.0675300000     0.2653500000     0.3339200000     0.1709900000     0.1370000000     0.0471900000     1.6252000000     3.1409000000    12.1270000000   302.0100000000     0.0284630000     0.1280530000     0.1328600000     0.0340960000     0.0525280000     0.0114730000    22.2900000000    28.7400000000   147.1000000000  3394.9000000000     0.1364900000     1.0066900000     1.1460200000     0.2466100000     0.5073000000     0.1524600000     9.6000000000  ]
X_mu    = [  17.2888202247    22.0900000000   113.9769662921   956.5151685393     0.1023391573     0.1405383708     0.1534743820     0.0851274157     0.1913033708     0.0626196067     0.5952438202     1.2725005618     4.2089494382    68.6143820225     0.0067138876     0.0308933708     0.0404821348     0.0150730562     0.0206685674     0.0039639551    20.8078089888    29.9508988764   138.8868539326  1376.2780898876     0.1427663483     0.3599149438     0.4313982584     0.1760941011     0.3221382022     0.0905040449     2.7983146067  ]
