y_range =  124.0000000000
y_mu    =   47.4325842697
X_range = [  16.2700000000    28.9000000000   110.2000000000  1888.4000000000     0.0697300000     0.2600900000     0.4028200000     0.1808900000     0.1732000000     0.0471900000     1.6136000000     3.1409000000    12.1270000000   302.0100000000     0.0284630000     0.1280530000     0.1328600000     0.0340960000     0.0525280000     0.0114730000    22.2900000000    30.4900000000   147.1000000000  3394.9000000000     0.1406900000     1.0066900000     1.1460200000     0.2613100000     0.5073000000     0.1524600000     9.6000000000  ]
X_mu    = [  17.5168539326    22.1620786517   115.6100561798   982.6078651685     0.1032908989     0.1447087079     0.1595619663     0.0886074157     0.1933904494     0.0629565169     0.6201595506     1.2643241573     4.3652359551    72.6491011236     0.0068378427     0.0315736011     0.0409942697     0.0151884326     0.0207007022     0.0040576404    21.2045505618    29.9849438202   141.5744943820  1430.6960674157     0.1444989326     0.3675893258     0.4396600562     0.1798845506     0.3242775281     0.0912893258     2.9151685393  ]
