y_range =  124.0000000000
y_mu    =   45.5393258427
X_range = [  16.2700000000    28.9000000000   110.2000000000  1888.4000000000     0.0697300000     0.2653500000     0.4028200000     0.1808900000     0.1732000000     0.0471900000     1.6252000000     3.1409000000    12.1270000000   239.8100000000     0.0284630000     0.1280530000     0.1328600000     0.0340960000     0.0517480000     0.0114730000    20.2900000000    30.4900000000   144.2000000000  2923.9000000000     0.1406900000     1.0066900000     1.1460200000     0.2613100000     0.5073000000     0.1524600000     9.6000000000  ]
X_mu    = [  17.3725842697    22.2980337079   114.6547191011   964.7117977528     0.1027476404     0.1434953371     0.1566475843     0.0866931461     0.1926691011     0.0627417416     0.5900719101     1.2709494382     4.1868932584    67.6696629213     0.0068715787     0.0317170843     0.0411371910     0.0152359551     0.0207392978     0.0040126180    20.8575280899    30.0737640449   139.3677528090  1380.4202247191     0.1439528652     0.3671582022     0.4372167978     0.1783713483     0.3235123596     0.0907007865     2.8668539326  ]
