y_range =  124.0000000000
y_mu    =   46.9325842697
X_range = [  16.2700000000    28.9000000000   110.2000000000  1888.4000000000     0.0697300000     0.2653500000     0.4028200000     0.1808900000     0.1370000000     0.0471900000     1.3152000000     3.1409000000     8.9670000000   219.7100000000     0.0284630000     0.0932530000     0.1328600000     0.0340960000     0.0525280000     0.0114730000    20.2900000000    32.8700000000   144.2000000000  2923.9000000000     0.1406900000     1.0066900000     1.1460200000     0.2613100000     0.5073000000     0.1524600000     9.6000000000  ]
X_mu    = [  17.4082584270    22.2026404494   114.8103932584   968.5707865169     0.1027472472     0.1419500000     0.1561141011     0.0866810674     0.1917286517     0.0626821910     0.5906848315     1.2491775281     4.1588932584    68.2957303371     0.0068090955     0.0306841236     0.0404034831     0.0149039270     0.0203319213     0.0039177809    20.9875842697    30.0952247191   139.9767415730  1398.9061797753     0.1441605618     0.3620385393     0.4348015730     0.1789311798     0.3219134831     0.0904833708     2.7994382022  ]
