y_range =  124.0000000000
y_mu    =   47.6348314607
X_range = [  16.1400000000    23.4900000000   108.8000000000  1888.4000000000     0.0697300000     0.2653500000     0.4028200000     0.1808900000     0.1732000000     0.0471900000     1.6252000000     3.1409000000    11.9460000000   239.8100000000     0.0284630000     0.1280530000     0.1328600000     0.0340960000     0.0525280000     0.0114730000    19.8800000000    30.4900000000   135.7000000000  2923.9000000000     0.1406900000     0.8865900000     1.1460200000     0.2613100000     0.5073000000     0.1179600000     9.6000000000  ]
X_mu    = [  17.3284269663    22.2211797753   114.2591573034   958.5915730337     0.1026814045     0.1421976404     0.1554015730     0.0862646629     0.1935117978     0.0628636517     0.6016286517     1.2850033708     4.2450168539    69.3650000000     0.0068368820     0.0312469663     0.0411565169     0.0152364831     0.0207755899     0.0040263708    20.8774157303    30.0357865169   139.3241011236  1381.2775280899     0.1435983708     0.3600261798     0.4325353371     0.1779497191     0.3241612360     0.0904141011     2.7938202247  ]
