y_range =  124.0000000000
y_mu    =   46.6741573034
X_range = [  16.2700000000    28.9000000000   110.2000000000  1888.4000000000     0.0697300000     0.2653500000     0.4028200000     0.1808900000     0.1347000000     0.0471900000     1.6252000000     3.1409000000    12.1270000000   302.0100000000     0.0284630000     0.1280530000     0.1328600000     0.0340960000     0.0517480000     0.0114730000    22.2900000000    30.1200000000   147.1000000000  3394.9000000000     0.1364900000     1.0066900000     1.1460200000     0.2613100000     0.5073000000     0.1524600000     9.6000000000  ]
X_mu    = [  17.4534269663    22.3574719101   115.1210112360   975.1623595506     0.1023728652     0.1421732584     0.1562448315     0.0866716292     0.1919882022     0.0625002247     0.6066466292     1.2763275281     4.2871966292    70.7187078652     0.0066885393     0.0313417978     0.0409618539     0.0150115393     0.0205362472     0.0039357921    21.0840449438    30.1528089888   140.8018539326  1415.0067415730     0.1430972472     0.3655340449     0.4389623034     0.1781165730     0.3227668539     0.0904186517     2.7949438202  ]
