y_range =  122.0000000000
y_mu    =   46.9438202247
X_range = [  16.2700000000    28.9000000000   110.2000000000  1888.4000000000     0.0697300000     0.2653500000     0.4028200000     0.1808900000     0.1732000000     0.0470000000     1.6252000000     3.0273000000    12.1270000000   302.0100000000     0.0284630000     0.1280530000     0.1328600000     0.0340960000     0.0517480000     0.0114730000    22.2900000000    32.8700000000   147.1000000000  3394.9000000000     0.1406900000     1.0066900000     1.1460200000     0.2613100000     0.5073000000     0.1524600000     9.6000000000  ]
X_mu    = [  17.4498876404    22.4292696629   115.0766853933   975.0044943820     0.1027188202     0.1419424719     0.1561188764     0.0867303371     0.1928668539     0.0627266292     0.6101915730     1.2818219101     4.2904213483    71.1580337079     0.0067799719     0.0307421798     0.0405417978     0.0150970337     0.0203869213     0.0039639831    21.0522471910    30.3256741573   140.4559550562  1410.8370786517     0.1437045506     0.3599317978     0.4334106180     0.1782632022     0.3220162921     0.0904099438     2.7713483146  ]
