y_range =  124.0000000000
y_mu    =   46.6685393258
X_range = [  16.2700000000    27.3900000000   110.2000000000  1888.4000000000     0.0697300000     0.2653500000     0.3999500000     0.1808900000     0.1732000000     0.0471900000     1.5362000000     2.7579000000    10.4070000000   302.0100000000     0.0284630000     0.1280530000     0.1328600000     0.0340960000     0.0506270000     0.0112740000    22.2900000000    32.8700000000   147.1000000000  3394.9000000000     0.1406900000     0.9782600000     1.1088000000     0.2245500000     0.5035000000     0.1510600000     9.6000000000  ]
X_mu    = [  17.2659550562    22.3294943820   113.8177528090   954.6522471910     0.1027345506     0.1415273596     0.1545003371     0.0855436517     0.1924185393     0.0628335955     0.5853668539     1.2517842697     4.1246685393    67.6238202247     0.0068195225     0.0313801629     0.0408068539     0.0150410787     0.0205978090     0.0040347022    20.8088202247    30.2855056180   138.8085393258  1376.1488764045     0.1446783146     0.3672294944     0.4376893820     0.1784076404     0.3239179775     0.0914977528     2.8561797753  ]
