y_range =  122.0000000000
y_mu    =   45.4831460674
X_range = [  16.2700000000    28.9000000000   110.2000000000  1888.4000000000     0.0697300000     0.2600900000     0.4028200000     0.1808900000     0.1732000000     0.0471900000     1.6252000000     3.1409000000    12.1270000000   302.0100000000     0.0284630000     0.0932530000     0.1328600000     0.0340960000     0.0525280000     0.0114730000    22.2900000000    32.8700000000   147.1000000000  3394.9000000000     0.1406900000     1.0066900000     1.0810200000     0.2613100000     0.5073000000     0.1524600000     9.6000000000  ]
X_mu    = [  17.4193258427    22.1312359551   114.8967977528   970.9589887640     0.1029151124     0.1423170225     0.1570782584     0.0872059551     0.1923971910     0.0627408427     0.6038752809     1.2755106742     4.2539887640    70.1062921348     0.0067963596     0.0309228652     0.0409352809     0.0151550674     0.0203663034     0.0039930449    20.9789325843    29.9541573034   139.9598876404  1397.2028089888     0.1438129775     0.3628623596     0.4359409551     0.1790157303     0.3216415730     0.0906655618     2.8707865169  ]
