y_range =  124.0000000000
y_mu    =   46.9606741573
X_range = [  16.2700000000    28.9000000000   110.2000000000  1888.4000000000     0.0687800000     0.2653500000     0.3999500000     0.1808900000     0.1732000000     0.0471900000     1.6252000000     2.7579000000    12.1270000000   302.0100000000     0.0283040000     0.1280530000     0.1328600000     0.0340960000     0.0506270000     0.0114730000    22.2900000000    32.8700000000   147.1000000000  3394.9000000000     0.1406900000     0.9782600000     1.0438000000     0.2245500000     0.5035000000     0.1510600000     9.6000000000  ]
X_mu    = [  17.3375280899    22.1901685393   114.3060674157   962.4488764045     0.1028078090     0.1408928652     0.1544920787     0.0860550000     0.1926764045     0.0626203371     0.5998865169     1.2713707865     4.2303370787    69.9017415730     0.0068331124     0.0312362360     0.0406570225     0.0151548764     0.0208041011     0.0040217247    20.9378651685    30.1605617978   139.6484269663  1394.1926966292     0.1441333708     0.3606766854     0.4302292697     0.1782212921     0.3238831461     0.0906750562     2.8292134831  ]
