y_range =  124.0000000000
y_mu    =   46.7022471910
X_range = [  16.2700000000    27.3900000000   110.2000000000  1888.4000000000     0.0648300000     0.2371500000     0.3339200000     0.1709900000     0.1732000000     0.0321800000     1.6252000000     3.1409000000    12.1270000000   302.0100000000     0.0284630000     0.1280530000     0.1328600000     0.0340960000     0.0525280000     0.0112740000    22.2900000000    32.5000000000   147.1000000000  3394.9000000000     0.1406900000     1.0066900000     1.1460200000     0.2613100000     0.4209000000     0.1524600000     9.6000000000  ]
X_mu    = [  17.3245505618    22.4112359551   114.1298876404   960.0028089888     0.1024321910     0.1390522472     0.1525157303     0.0852545506     0.1917893258     0.0624308427     0.5861410112     1.2651168539     4.1081460674    67.7552247191     0.0066508876     0.0298849438     0.0397376966     0.0148540393     0.0202156854     0.0038719607    20.9176966292    30.4175280899   139.3875842697  1392.1039325843     0.1440101685     0.3596806742     0.4342785955     0.1771573034     0.3221747191     0.0904496067     2.8668539326  ]
