y_range =  124.0000000000
y_mu    =   45.8539325843
X_range = [  16.2700000000    28.9000000000   110.2000000000  1888.4000000000     0.0697300000     0.2653500000     0.4028200000     0.1781300000     0.1732000000     0.0470000000     1.6252000000     3.1409000000    12.1270000000   302.0100000000     0.0284630000     0.0932530000     0.1328600000     0.0339730000     0.0525280000     0.0114730000    22.2900000000    32.8700000000   147.1000000000  3394.9000000000     0.1406900000     1.0066900000     1.1460200000     0.2613100000     0.5073000000     0.1524600000     9.6000000000  ]
X_mu    = [  17.4067415730    22.3520786517   114.8956741573   968.8353932584     0.1030587079     0.1446037079     0.1587709551     0.0876998315     0.1927460674     0.0629693258     0.6002033708     1.2548702247     4.2494606742    69.4616853933     0.0068879045     0.0316190618     0.0414016292     0.0153236124     0.0205416966     0.0040474944    20.9364606742    30.0550561798   139.9334831461  1390.6275280899     0.1448298315     0.3706621348     0.4426836517     0.1800852247     0.3231280899     0.0915251124     2.9337078652  ]
