y_range =  124.0000000000
y_mu    =   47.4775280899
X_range = [  16.2700000000    28.9000000000   110.2000000000  1878.9000000000     0.0697300000     0.2653500000     0.4028200000     0.1808900000     0.1732000000     0.0471900000     1.6252000000     3.1409000000    12.1270000000   301.5100000000     0.0284630000     0.1280530000     0.1328600000     0.0340960000     0.0525280000     0.0114730000    22.2900000000    32.8700000000   147.1000000000  3389.0000000000     0.1406900000     1.0066900000     1.1460200000     0.2613100000     0.5073000000     0.1524600000     9.6000000000  ]
X_mu    = [  17.3432584270    22.2466853933   114.3390449438   962.9696629213     0.1026914607     0.1412880337     0.1544125843     0.0859573596     0.1919758427     0.0625132584     0.6025331461     1.2587202247     4.2270056180    70.0023595506     0.0067958652     0.0309832584     0.0400230899     0.0149393708     0.0204807978     0.0039801067    20.9824157303    30.1079775281   139.8719101124  1400.1224719101     0.1442528652     0.3634520225     0.4330117416     0.1772221910     0.3244786517     0.0908430337     2.8786516854  ]
