y_range =  124.0000000000
y_mu    =   45.8988764045
X_range = [  16.2700000000    23.4900000000   110.2000000000  1888.4000000000     0.0697300000     0.2653500000     0.4028200000     0.1808900000     0.1732000000     0.0471900000     1.6252000000     3.1409000000    12.1270000000   302.0100000000     0.0284630000     0.1269780000     0.1327900000     0.0340960000     0.0525280000     0.0114730000    22.2900000000    32.8700000000   147.1000000000  3394.9000000000     0.1406900000     1.0066900000     1.1460200000     0.2613100000     0.5073000000     0.1524600000     9.6000000000  ]
X_mu    = [  17.4575842697    22.1920224719   115.1970224719   975.8438202247     0.1025253371     0.1436932022     0.1572526404     0.0871788764     0.1932505618     0.0628081461     0.6059668539     1.2631421348     4.2825056180    70.9953370787     0.0067141011     0.0316211966     0.0411133708     0.0151313539     0.0205964719     0.0040413764    21.0697191011    30.0439325843   140.7924719101  1413.6292134831     0.1435405056     0.3681264607     0.4397196067     0.1788136517     0.3245084270     0.0911367416     2.9235955056  ]
