y_range =  124.0000000000
y_mu    =   46.8089887640
X_range = [  14.7800000000    28.9000000000   102.3000000000  1638.9000000000     0.0697300000     0.2653500000     0.4028200000     0.1808900000     0.1732000000     0.0471900000     1.6252000000     2.7579000000    12.1270000000   301.5100000000     0.0284630000     0.1280530000     0.1328600000     0.0340960000     0.0525280000     0.0114730000    22.2900000000    32.8700000000   147.1000000000  3389.0000000000     0.1278900000     1.0066900000     1.1460200000     0.2613100000     0.5073000000     0.1524600000     9.6000000000  ]
X_mu    = [  17.3508426966    22.0396067416   114.4574719101   961.3769662921     0.1024858427     0.1422163483     0.1544494382     0.0858273596     0.1928213483     0.0627208989     0.6031792135     1.2585814607     4.2660730337    69.8430898876     0.0068041685     0.0316019719     0.0410905056     0.0153350562     0.0208537191     0.0040483539    20.9051123596    29.7844943820   139.5977528090  1387.7994382022     0.1431584831     0.3623194382     0.4341808427     0.1782483146     0.3232477528     0.0907576404     2.8803370787  ]
