y_range =  124.0000000000
y_mu    =   47.8483146067
X_range = [  16.2700000000    28.9000000000   110.2000000000  1888.4000000000     0.0697300000     0.2600900000     0.4028200000     0.1808900000     0.1732000000     0.0321800000     1.6252000000     2.7579000000    12.1270000000   302.0100000000     0.0284630000     0.1280530000     0.1328600000     0.0340960000     0.0525280000     0.0114730000    22.2900000000    32.8700000000   147.1000000000  3394.9000000000     0.1406900000     1.0066900000     1.1460200000     0.2613100000     0.4209000000     0.1524600000     9.6000000000  ]
X_mu    = [  17.3991573034    22.0823595506   114.7255056180   969.6634831461     0.1026449438     0.1418337640     0.1544248315     0.0862169663     0.1928073034     0.0627557303     0.6056134831     1.2436528090     4.2454157303    71.1514606742     0.0067543989     0.0307165787     0.0398909551     0.0149627809     0.0200933090     0.0040039944    21.0439325843    29.8655617978   140.1932022472  1412.0516853933     0.1440382584     0.3625106742     0.4324106180     0.1781036517     0.3220977528     0.0910848876     2.7859550562  ]
