y_range =  124.0000000000
y_mu    =   46.7696629213
X_range = [  16.2700000000    28.9000000000   110.2000000000  1888.4000000000     0.0663000000     0.2653500000     0.4028200000     0.1808900000     0.1732000000     0.0471900000     1.6252000000     3.1409000000    11.9460000000   302.0100000000     0.0283040000     0.1269780000     0.1327900000     0.0340960000     0.0525280000     0.0114730000    22.2900000000    32.8700000000   144.9800000000  3394.9000000000     0.1298700000     1.0066900000     1.1460200000     0.2613100000     0.5073000000     0.1524600000     9.6000000000  ]
X_mu    = [  17.5008988764    22.4389325843   115.5186516854   980.1320224719     0.1032600000     0.1444374157     0.1601175281     0.0887172472     0.1926797753     0.0628383708     0.6138595506     1.2747820225     4.3411797753    71.6756741573     0.0068539438     0.0316019270     0.0417262360     0.0152664494     0.0206600674     0.0040283258    21.1521910112    30.3737078652   141.4486516854  1422.3533707865     0.1446404494     0.3654975843     0.4422870225     0.1809043820     0.3216792135     0.0909134270     2.7932584270  ]
