y_range =  124.0000000000
y_mu    =   47.4606741573
X_range = [  16.2700000000    28.9000000000   110.2000000000  1888.4000000000     0.0697300000     0.2653500000     0.4028200000     0.1808900000     0.1732000000     0.0470000000     1.6252000000     3.1409000000    12.1270000000   302.0100000000     0.0284630000     0.1280530000     0.1328600000     0.0340960000     0.0525280000     0.0114730000    22.2900000000    32.8700000000   147.1000000000  3394.9000000000     0.1406900000     1.0066900000     1.1460200000     0.2613100000     0.5073000000     0.1524600000     9.6000000000  ]
X_mu    = [  17.4871348315    22.1692696629   115.4349438202   977.6797752809     0.1027694944     0.1447501685     0.1571069663     0.0875239888     0.1935595506     0.0628664607     0.6114668539     1.2620528090     4.3211966292    71.0683146067     0.0068198933     0.0317068427     0.0410078090     0.0153016292     0.0207754438     0.0040438427    21.1399438202    29.9706741573   141.1731460674  1417.9016853933     0.1439927528     0.3691053933     0.4369432022     0.1801125843     0.3252528090     0.0911247753     2.8241573034  ]
