y_range =  124.0000000000
y_mu    =   47.4943820225
X_range = [  16.2700000000    28.9000000000   110.2000000000  1878.9000000000     0.0675300000     0.2600900000     0.3339200000     0.1682300000     0.1732000000     0.0471900000     1.6252000000     3.1409000000    12.1270000000   301.5100000000     0.0284630000     0.1280530000     0.1328600000     0.0340960000     0.0525280000     0.0114730000    22.2900000000    32.8700000000   147.1000000000  3389.0000000000     0.1406900000     1.0066900000     1.1460200000     0.2613100000     0.5073000000     0.1524600000     9.6000000000  ]
X_mu    = [  17.4241573034    22.3452808989   114.9964606742   971.1910112360     0.1028302247     0.1436780899     0.1582505056     0.0872762360     0.1920252809     0.0627696629     0.5996797753     1.2482241573     4.2531235955    69.6487078652     0.0067022528     0.0313405899     0.0410810674     0.0150702978     0.0202775955     0.0039816798    21.0796067416    30.1804494382   140.9452247191  1413.0921348315     0.1442032584     0.3685005618     0.4439341573     0.1796188202     0.3225241573     0.0910707303     2.8685393258  ]
