y_range =  124.0000000000
y_mu    =   46.2359550562
X_range = [  16.2700000000    27.3900000000   110.2000000000  1888.4000000000     0.0697300000     0.2653500000     0.4028200000     0.1808900000     0.1732000000     0.0471900000     1.6252000000     3.1409000000    12.1270000000   302.0100000000     0.0284630000     0.1280530000     0.1328600000     0.0340960000     0.0517480000     0.0114730000    22.2900000000    32.8700000000   147.1000000000  3394.9000000000     0.1406900000     1.0066900000     1.1460200000     0.2466100000     0.5073000000     0.1524600000     9.6000000000  ]
X_mu    = [  17.2333707865    22.3211235955   113.6408426966   952.9747191011     0.1027600000     0.1406311798     0.1538642697     0.0851444382     0.1912207865     0.0626379775     0.5937280899     1.2837730337     4.1821966292    68.4855056180     0.0068285449     0.0312232809     0.0407078652     0.0148746798     0.0202065281     0.0039893539    20.8281460674    30.3176404494   139.0008988764  1383.0382022472     0.1442583146     0.3620216854     0.4330937079     0.1767154494     0.3200898876     0.0908425281     2.8752808989  ]
