y_range =  124.0000000000
y_mu    =   47.6516853933
X_range = [  16.2700000000    28.9000000000   110.2000000000  1888.4000000000     0.0697300000     0.2600900000     0.4028200000     0.1808900000     0.1732000000     0.0471900000     1.6252000000     3.1409000000    12.1270000000   302.0100000000     0.0284630000     0.1280530000     0.1328600000     0.0340960000     0.0525280000     0.0114730000    22.2900000000    32.8700000000   147.1000000000  3394.9000000000     0.1406900000     0.8865900000     1.1460200000     0.2613100000     0.5073000000     0.1179600000     9.6000000000  ]
X_mu    = [  17.3478089888    22.1448314607   114.4128651685   962.8353932584     0.1026828090     0.1421983708     0.1563509551     0.0860164607     0.1931359551     0.0627584270     0.5952331461     1.2531775281     4.1890674157    68.8184269663     0.0068098090     0.0308958652     0.0409147191     0.0149608876     0.0203081011     0.0039577753    20.8968539326    29.9748876404   139.4876966292  1385.4488764045     0.1442639326     0.3635039326     0.4379173034     0.1784668539     0.3243134831     0.0908162360     2.8061797753  ]
