y_range =  124.0000000000
y_mu    =   46.6629213483
X_range = [  14.7800000000    28.9000000000   102.3000000000  1648.4000000000     0.0697300000     0.2653500000     0.4028200000     0.1808900000     0.1732000000     0.0471900000     1.6252000000     3.0541000000    12.1270000000   302.0100000000     0.0284630000     0.1269780000     0.1327900000     0.0340960000     0.0525280000     0.0114730000    22.2900000000    32.8700000000   147.1000000000  3394.9000000000     0.1298700000     1.0066900000     1.1460200000     0.2613100000     0.5073000000     0.1524600000     9.6000000000  ]
X_mu    = [  17.4807865169    22.3113483146   115.3492696629   976.1584269663     0.1032690449     0.1439626404     0.1593036517     0.0882514607     0.1930056180     0.0627961798     0.6150511236     1.2750657303     4.3270168539    71.9140449438     0.0068508989     0.0314324326     0.0414574157     0.0153058090     0.0206171461     0.0040202022    21.1048876404    30.1403370787   140.8045505618  1416.6393258427     0.1439044944     0.3628483708     0.4360988202     0.1793710674     0.3217325843     0.0903368539     2.8528089888  ]
