y_range =  122.0000000000
y_mu    =   46.7640449438
X_range = [  16.2700000000    23.4900000000   110.2000000000  1888.4000000000     0.0697300000     0.2653500000     0.4028200000     0.1808900000     0.1732000000     0.0471900000     1.6252000000     3.1409000000    12.1270000000   302.0100000000     0.0284630000     0.0932530000     0.1328600000     0.0340960000     0.0525280000     0.0114730000    22.2900000000    32.8700000000   147.1000000000  3394.9000000000     0.1406900000     1.0066900000     1.1460200000     0.2613100000     0.5073000000     0.1524600000     9.6000000000  ]
X_mu    = [  17.5270224719    22.1978089888   115.6343820225   984.1595505618     0.1024828652     0.1421806742     0.1570135955     0.0873499438     0.1924089888     0.0626075281     0.6134707865     1.2733713483     4.3339438202    72.0700561798     0.0068221124     0.0309171910     0.0407233146     0.0152327472     0.0203392079     0.0039609438    21.1482022472    30.0393258427   141.2647752809  1424.4983146067     0.1437017416     0.3619587640     0.4353606180     0.1790587079     0.3211674157     0.0902534270     2.8061797753  ]
