y_range =  122.0000000000
y_mu    =   47.2359550562
X_range = [  16.2700000000    27.3900000000   110.2000000000  1888.4000000000     0.0697300000     0.2653500000     0.4028200000     0.1808900000     0.1732000000     0.0471900000     1.5362000000     3.0541000000    10.4070000000   302.0100000000     0.0284630000     0.1280530000     0.1328600000     0.0340960000     0.0525280000     0.0114730000    22.2900000000    32.8700000000   147.1000000000  3394.9000000000     0.1406900000     1.0066900000     1.1460200000     0.2613100000     0.5073000000     0.1524600000     9.6000000000  ]
X_mu    = [  17.3710112360    22.3377528090   114.5483707865   965.8005617978     0.1026805056     0.1426001685     0.1562611798     0.0863318539     0.1935303371     0.0627817416     0.5876230337     1.2450320225     4.1292752809    68.0149438202     0.0067364101     0.0310370225     0.0406899438     0.0149361573     0.0203060225     0.0039752921    20.8981460674    30.2861235955   139.4846067416  1386.4359550562     0.1444888202     0.3692093258     0.4412358989     0.1791721910     0.3250117978     0.0913492697     2.7949438202  ]
