y_range =  124.0000000000
y_mu    =   48.0168539326
X_range = [  16.1400000000    28.9000000000   108.8000000000  1888.4000000000     0.0675300000     0.2653500000     0.3339200000     0.1674900000     0.1370000000     0.0471900000     1.6252000000     3.1409000000    12.1270000000   302.0100000000     0.0284630000     0.1280530000     0.1328600000     0.0340960000     0.0525280000     0.0114730000    21.8900000000    30.4900000000   147.1000000000  3394.9000000000     0.1406900000     1.0066900000     1.1460200000     0.2613100000     0.5073000000     0.1524600000     9.6000000000  ]
X_mu    = [  17.3390449438    22.2479775281   114.3382022472   961.1151685393     0.1022633708     0.1419608427     0.1532322472     0.0851652809     0.1914792135     0.0627078090     0.5925286517     1.2530033708     4.1921516854    68.4685393258     0.0067239719     0.0311557303     0.0404544382     0.0151069551     0.0203649157     0.0039803146    20.9364606742    30.1103370787   139.7146067416  1391.2258426966     0.1437534270     0.3667087640     0.4363842135     0.1777232584     0.3222202247     0.0911394944     2.8483146067  ]
