y_range =  124.0000000000
y_mu    =   47.6404494382
X_range = [  16.2700000000    28.9000000000   110.2000000000  1888.4000000000     0.0697300000     0.2653500000     0.4028200000     0.1808900000     0.1732000000     0.0471900000     1.6252000000     3.1409000000    12.1270000000   302.0100000000     0.0284630000     0.1269780000     0.1327900000     0.0340960000     0.0525280000     0.0114730000    22.2900000000    32.8700000000   147.1000000000  3394.9000000000     0.1406900000     1.0066900000     1.1460200000     0.2613100000     0.5073000000     0.1524600000     9.6000000000  ]
X_mu    = [  17.4236516854    22.2683707865   114.9458988764   971.4477528090     0.1028807303     0.1434360112     0.1580043258     0.0874428090     0.1932258427     0.0628187640     0.6058443820     1.2735808989     4.2712752809    70.6005617978     0.0068090843     0.0314519831     0.0410192697     0.0151520843     0.0206327640     0.0040266910    20.9877528090    30.1711797753   140.1720224719  1399.9511235955     0.1442461236     0.3675669101     0.4409847753     0.1796034831     0.3245567416     0.0911500000     2.8719101124  ]
