y_range =  122.0000000000
y_mu    =   45.4269662921
X_range = [  16.2700000000    28.9000000000   110.2000000000  1888.4000000000     0.0697300000     0.2600900000     0.4028200000     0.1808900000     0.1732000000     0.0471900000     1.6252000000     3.1409000000    12.1270000000   302.0100000000     0.0284630000     0.1280530000     0.1328600000     0.0339730000     0.0525280000     0.0114730000    22.2900000000    32.8700000000   147.1000000000  3394.9000000000     0.1406900000     1.0066900000     1.1460200000     0.2613100000     0.5073000000     0.1524600000     9.6000000000  ]
X_mu    = [  17.3704494382    22.3157303371   114.6714044944   964.6269662921     0.1031575843     0.1450542135     0.1592034831     0.0879796067     0.1933646067     0.0629812360     0.6043044944     1.2683926966     4.2871235955    70.0394382022     0.0068219551     0.0317782303     0.0414809551     0.0153149775     0.0208837753     0.0040406966    20.9091011236    30.1151685393   139.9048314607  1387.4382022472     0.1440882584     0.3693662921     0.4411589326     0.1801377528     0.3252084270     0.0912484831     2.8786516854  ]
