y_range =  124.0000000000
y_mu    =   46.2696629213
X_range = [  16.2700000000    28.9000000000   110.2000000000  1888.4000000000     0.0687800000     0.2343000000     0.3999500000     0.1808900000     0.1732000000     0.0471900000     1.6252000000     3.1409000000    12.1270000000   302.0100000000     0.0283040000     0.1280530000     0.1328600000     0.0340960000     0.0504630000     0.0114730000    22.2900000000    32.8700000000   147.1000000000  3394.9000000000     0.1406900000     0.9782600000     1.1088000000     0.2187000000     0.5035000000     0.1510600000     9.6000000000  ]
X_mu    = [  17.4709550562    22.2633146067   115.2484269663   977.1011235955     0.1028351124     0.1428388764     0.1565940449     0.0873187079     0.1933387640     0.0627414045     0.6076387640     1.2583853933     4.2732359551    71.2932022472     0.0067544775     0.0315669101     0.0411251685     0.0151893652     0.0207068933     0.0040472303    21.1289325843    30.1106741573   140.9383146067  1419.6146067416     0.1442513483     0.3674235393     0.4391067978     0.1803637079     0.3244337079     0.0912313483     2.7623595506  ]
