y_range =  124.0000000000
y_mu    =   46.0561797753
X_range = [  16.2700000000    28.9000000000   110.2000000000  1888.4000000000     0.0697300000     0.2653500000     0.4028200000     0.1808900000     0.1370000000     0.0471900000     1.6136000000     3.1409000000    12.1270000000   302.0100000000     0.0284630000     0.1280530000     0.1328600000     0.0340960000     0.0525280000     0.0114730000    22.2900000000    32.8700000000   147.1000000000  3394.9000000000     0.1287300000     0.8865900000     1.1460200000     0.2613100000     0.5073000000     0.1179600000     9.6000000000  ]
X_mu    = [  17.4605617978    22.4203370787   115.1581460674   976.0483146067     0.1027860674     0.1419889326     0.1575350000     0.0873975843     0.1925662921     0.0626201124     0.5983921348     1.2508314607     4.2192640449    69.9407303371     0.0067811236     0.0309377191     0.0406351124     0.0148767528     0.0205629888     0.0039339101    21.1313483146    30.3254494382   141.1287078652  1421.4460674157     0.1443498315     0.3619705618     0.4366431461     0.1796419663     0.3243578652     0.0904474157     2.8415730337  ]
