y_range =  124.0000000000
y_mu    =   46.2359550562
X_range = [  16.1400000000    28.9000000000   108.8000000000  1888.4000000000     0.0697300000     0.2653500000     0.4028200000     0.1808900000     0.1732000000     0.0321800000     1.6252000000     3.1409000000    12.1270000000   239.8100000000     0.0284630000     0.1280530000     0.1328600000     0.0340960000     0.0525280000     0.0112740000    19.8900000000    32.8700000000   144.2000000000  2923.9000000000     0.1406900000     1.0066900000     1.1460200000     0.2613100000     0.4209000000     0.1524600000     9.6000000000  ]
X_mu    = [  17.3755056180    22.3595505618   114.6422471910   964.4028089888     0.1029754494     0.1434417978     0.1582450562     0.0868839326     0.1934241573     0.0627657865     0.5972106742     1.2565853933     4.1978483146    69.0053932584     0.0068038315     0.0315032191     0.0412298315     0.0149987584     0.0204654045     0.0040195618    20.9940449438    30.2395505618   140.1082584270  1398.2443820225     0.1445785393     0.3702306742     0.4432307865     0.1794036517     0.3250011236     0.0914445506     2.8370786517  ]
