y_range =  124.0000000000
y_mu    =   47.3202247191
X_range = [  13.6800000000    28.9000000000    94.3000000000  1583.4000000000     0.0697300000     0.2653500000     0.4028200000     0.1808900000     0.1732000000     0.0471900000     1.6252000000     3.0541000000    12.1270000000   302.0100000000     0.0284630000     0.1280530000     0.1328600000     0.0340960000     0.0525280000     0.0114730000    22.2900000000    32.8700000000   147.1000000000  3394.9000000000     0.1406900000     1.0066900000     1.1460200000     0.2613100000     0.5073000000     0.1524600000     9.6000000000  ]
X_mu    = [  17.3987078652    22.3393820225   114.6867415730   966.9769662921     0.1024217416     0.1409470787     0.1540575843     0.0857547191     0.1919814607     0.0623696067     0.6061140449     1.2883348315     4.2714438202    70.5232584270     0.0068720618     0.0311065730     0.0405994382     0.0151968483     0.0205451798     0.0039522697    20.9549438202    30.2338764045   139.7316292135  1393.7702247191     0.1435051124     0.3599025843     0.4293550000     0.1774890449     0.3197191011     0.0898735393     2.8612359551  ]
