y_range =  124.0000000000
y_mu    =   46.5337078652
X_range = [  16.2700000000    27.3900000000   110.2000000000  1888.4000000000     0.0697300000     0.2406500000     0.4028200000     0.1808900000     0.1732000000     0.0471900000     1.6252000000     3.1409000000    12.1270000000   302.0100000000     0.0284630000     0.1280530000     0.1328600000     0.0340960000     0.0525280000     0.0114730000    22.2900000000    32.8700000000   147.1000000000  3394.9000000000     0.1406900000     1.0066900000     1.1460200000     0.2613100000     0.5073000000     0.1524600000     9.6000000000  ]
X_mu    = [  17.3996067416    22.4368539326   114.6947191011   969.8983146067     0.1025262360     0.1410441573     0.1544755618     0.0856055618     0.1925078652     0.0625483708     0.5950578652     1.2712370787     4.1811348315    69.3742696629     0.0067787472     0.0312042697     0.0406985393     0.0150012079     0.0207041124     0.0039644382    20.9592134831    30.3528651685   139.7407865169  1399.0112359551     0.1439214045     0.3657183146     0.4360982584     0.1772227528     0.3243955056     0.0907139888     2.8764044944  ]
