y_range =  124.0000000000
y_mu    =   46.0337078652
X_range = [  16.2700000000    28.9000000000   110.2000000000  1878.9000000000     0.0697300000     0.2653500000     0.4028200000     0.1808900000     0.1370000000     0.0470000000     1.6252000000     3.1409000000    12.1270000000   301.5100000000     0.0284630000     0.1280530000     0.1328600000     0.0340960000     0.0525280000     0.0114730000    22.2900000000    32.8700000000   144.9800000000  3389.0000000000     0.1406900000     1.0066900000     1.1460200000     0.2613100000     0.5073000000     0.1524600000     9.6000000000  ]
X_mu    = [  17.4755617978    22.5044943820   115.3194943820   977.1269662921     0.1025437640     0.1434939888     0.1577028652     0.0869866292     0.1927505618     0.0627282584     0.6085713483     1.2648376404     4.3021853933    71.4120786517     0.0067613202     0.0317465618     0.0414435393     0.0151110506     0.0203454045     0.0040247247    21.1292696629    30.3341573034   141.1522471910  1419.9752808989     0.1435910674     0.3691540449     0.4414190449     0.1789530899     0.3225466292     0.0911316292     2.8247191011  ]
