y_range =  122.0000000000
y_mu    =   46.5393258427
X_range = [  16.2700000000    28.9000000000   110.2000000000  1888.4000000000     0.0697300000     0.2653500000     0.4028200000     0.1781300000     0.1616000000     0.0471900000     1.6252000000     3.1409000000    12.1270000000   302.0100000000     0.0206630000     0.1280530000     0.1168600000     0.0314260000     0.0525280000     0.0104100000    22.2900000000    32.8700000000   147.1000000000  3394.9000000000     0.1364900000     1.0066900000     1.1460200000     0.2613100000     0.5073000000     0.1524600000     9.6000000000  ]
X_mu    = [  17.4052247191    22.4266292135   114.8772471910   968.9983146067     0.1030797191     0.1444420787     0.1583260674     0.0875756180     0.1930511236     0.0630121910     0.6035292135     1.2676949438     4.2595280899    70.6810112360     0.0067269775     0.0313237584     0.0405759551     0.0149956685     0.0203063596     0.0040203258    21.0047191011    30.2372471910   140.2602808989  1404.8943820225     0.1447652247     0.3691351685     0.4399656742     0.1789665730     0.3222500000     0.0916304494     2.9117977528  ]
