y_range =  124.0000000000
y_mu    =   46.3426966292
X_range = [  16.2700000000    28.9000000000   110.2000000000  1888.4000000000     0.0697300000     0.2653500000     0.4028200000     0.1808900000     0.1732000000     0.0321800000     1.6252000000     3.1409000000    12.1270000000   302.0100000000     0.0284630000     0.1280530000     0.1328600000     0.0340960000     0.0525280000     0.0114730000    22.2900000000    32.8700000000   147.1000000000  3394.9000000000     0.1406900000     1.0066900000     1.0810200000     0.2613100000     0.4209000000     0.1524600000     9.6000000000  ]
X_mu    = [  17.4542696629    22.1855056180   115.1713483146   975.1853932584     0.1024442135     0.1427938202     0.1565974719     0.0870902809     0.1925056180     0.0625458427     0.6080679775     1.2681022472     4.2916629213    71.1567977528     0.0067897809     0.0313819663     0.0410444944     0.0152663539     0.0205084944     0.0039981067    21.0308988764    30.0279775281   140.4302808989  1407.6011235955     0.1433157865     0.3626683146     0.4346027528     0.1788435393     0.3217179775     0.0904001685     2.7831460674  ]
