y_range =  124.0000000000
y_mu    =   48.2078651685
X_range = [  16.2700000000    28.9000000000   110.2000000000  1888.4000000000     0.0697300000     0.2653500000     0.4028200000     0.1781300000     0.1732000000     0.0471900000     1.6252000000     2.7579000000    12.1270000000   302.0100000000     0.0284630000     0.1280530000     0.1328600000     0.0340960000     0.0525280000     0.0114730000    22.2900000000    32.8700000000   147.1000000000  3394.9000000000     0.1406900000     0.8865900000     1.1460200000     0.2613100000     0.5073000000     0.1179600000     9.6000000000  ]
X_mu    = [  17.3608988764    22.1373595506   114.4588764045   964.7859550562     0.1029314045     0.1419507865     0.1545922472     0.0864261236     0.1917224719     0.0627368539     0.6045702247     1.2477769663     4.2436853933    70.4460112360     0.0067862697     0.0304506742     0.0398006742     0.0150648202     0.0204276517     0.0039548820    21.0220786517    29.9578089888   140.1770224719  1406.9348314607     0.1444691573     0.3595531461     0.4307358989     0.1786721910     0.3217657303     0.0905211798     2.7747191011  ]
