y_range =  124.0000000000
y_mu    =   47.3258426966
X_range = [  16.1400000000    28.9000000000   108.8000000000  1888.4000000000     0.0697300000     0.2653500000     0.4028200000     0.1808900000     0.1732000000     0.0321800000     1.6252000000     3.1409000000    12.1270000000   302.0100000000     0.0284630000     0.1280530000     0.1328600000     0.0340960000     0.0525280000     0.0114730000    21.8900000000    32.8700000000   147.1000000000  3394.9000000000     0.1298700000     1.0066900000     1.1460200000     0.2613100000     0.4209000000     0.1524600000     9.6000000000  ]
X_mu    = [  17.4244382022    22.2520786517   114.9599438202   970.6882022472     0.1028017416     0.1431818539     0.1576829775     0.0874159551     0.1934994382     0.0628724719     0.6014876404     1.2439943820     4.2320505618    70.2963483146     0.0067476404     0.0310450000     0.0411453933     0.0151044045     0.0204825955     0.0040090562    21.0611235955    30.0838764045   140.5357865169  1411.7258426966     0.1440814607     0.3653508989     0.4403027528     0.1798385955     0.3244421348     0.0911675281     2.8415730337  ]
