y_range =  122.0000000000
y_mu    =   46.7078651685
X_range = [  16.2700000000    28.9000000000   110.2000000000  1888.4000000000     0.0675300000     0.2653500000     0.3339200000     0.1709900000     0.1732000000     0.0471900000     1.6252000000     3.1409000000    12.1270000000   302.0100000000     0.0284630000     0.1280530000     0.1328600000     0.0340960000     0.0525280000     0.0114730000    22.2900000000    32.5000000000   147.1000000000  3394.9000000000     0.1406900000     1.0066900000     1.1460200000     0.2613100000     0.5073000000     0.1524600000     9.6000000000  ]
X_mu    = [  17.3053932584    22.4431460674   114.1178651685   959.2803370787     0.1027318539     0.1423025281     0.1554188764     0.0859964607     0.1927870787     0.0628384270     0.5967365169     1.2683280899     4.2026460674    69.2869662921     0.0067031742     0.0307292697     0.0403067978     0.0150625899     0.0203842809     0.0039533146    20.8992696629    30.4019101124   139.4135955056  1391.7977528090     0.1441455618     0.3646520225     0.4373291573     0.1775687640     0.3240640449     0.0910807303     2.8359550562  ]
