y_range =  124.0000000000
y_mu    =   47.6853932584
X_range = [  16.2700000000    21.9800000000   110.2000000000  1888.4000000000     0.0675300000     0.2653500000     0.3339200000     0.1674900000     0.1732000000     0.0471900000     1.6252000000     3.1409000000    12.1270000000   302.0100000000     0.0284630000     0.1280530000     0.1328600000     0.0340960000     0.0525280000     0.0114730000    22.2900000000    32.8700000000   147.1000000000  3394.9000000000     0.1298700000     1.0066900000     1.1460200000     0.2613100000     0.5073000000     0.1524600000     9.6000000000  ]
X_mu    = [  17.3038202247    22.2557865169   114.1492134831   958.2803370787     0.1025199438     0.1422846629     0.1541396067     0.0855964607     0.1925713483     0.0627554494     0.5899561798     1.2541292135     4.1838764045    68.4429213483     0.0066535449     0.0312347247     0.0403161236     0.0150617303     0.0202834944     0.0039903933    20.9281460674    30.2653932584   139.7348876404  1394.1859550562     0.1442235955     0.3698525843     0.4380381461     0.1791360674     0.3246146067     0.0914675281     2.8500000000  ]
