y_range =  124.0000000000
y_mu    =   47.8483146067
X_range = [  16.2700000000    28.9000000000   110.2000000000  1878.9000000000     0.0687800000     0.2653500000     0.4028200000     0.1808900000     0.1732000000     0.0471900000     1.6252000000     3.1409000000    12.1270000000   301.5100000000     0.0283040000     0.1280530000     0.1328600000     0.0340960000     0.0525280000     0.0114730000    22.2900000000    32.8700000000   147.1000000000  3389.0000000000     0.1406900000     1.0066900000     1.1460200000     0.2613100000     0.5073000000     0.1524600000     9.6000000000  ]
X_mu    = [  17.4215168539    22.2146629213   114.8924157303   971.0719101124     0.1028660112     0.1422232022     0.1566842697     0.0873070225     0.1934061798     0.0626961798     0.6006084270     1.2609056180     4.2321685393    69.9305056180     0.0067447978     0.0307598315     0.0404940449     0.0150785112     0.0207920899     0.0039796404    21.0188764045    30.0602247191   140.3382022472  1403.8960674157     0.1437174719     0.3597244944     0.4339229775     0.1788600000     0.3253932584     0.0906750000     2.7595505618  ]
