y_range =  124.0000000000
y_mu    =   46.1460674157
X_range = [  14.7800000000    28.9000000000   102.3000000000  1648.4000000000     0.0697300000     0.2653500000     0.4028200000     0.1808900000     0.1370000000     0.0471900000     1.6252000000     3.1409000000    12.1270000000   302.0100000000     0.0284630000     0.1269780000     0.1327900000     0.0340960000     0.0525280000     0.0114730000    22.2900000000    32.8700000000   147.1000000000  3394.9000000000     0.1364900000     1.0066900000     1.1460200000     0.2613100000     0.5073000000     0.1524600000     9.6000000000  ]
X_mu    = [  17.4387640449    22.3325842697   115.0096629213   972.6415730337     0.1020710112     0.1421216854     0.1553293258     0.0859000000     0.1925528090     0.0626116292     0.6058084270     1.2767382022     4.2706910112    71.0521910112     0.0067377247     0.0316163652     0.0409557303     0.0150637584     0.0206991685     0.0040218596    21.0521910112    30.1994943820   140.5660674157  1410.0320224719     0.1429483708     0.3678933146     0.4384078090     0.1778855618     0.3240640449     0.0910121910     2.8022471910  ]
