y_range =  124.0000000000
y_mu    =   46.6179775281
X_range = [  16.2700000000    28.9000000000   110.2000000000  1888.4000000000     0.0675300000     0.2378500000     0.3283200000     0.1709900000     0.1616000000     0.0470000000     1.6252000000     2.5479000000    12.1270000000   302.0100000000     0.0115330000     0.1280530000     0.1056600000     0.0314260000     0.0525280000     0.0106330000    22.2900000000    32.8700000000   144.9800000000  3394.9000000000     0.1406900000     1.0066900000     1.1460200000     0.2466100000     0.5073000000     0.1524600000     9.6000000000  ]
X_mu    = [  17.4580898876    22.1575842697   115.0556179775   975.4117977528     0.1023435955     0.1405089888     0.1537375843     0.0862587079     0.1919679775     0.0624575843     0.6004000000     1.2374932584     4.2293258427    70.2241011236     0.0065483483     0.0304631910     0.0399178090     0.0150152809     0.0204485506     0.0039060899    21.1024157303    30.0635393258   140.7469662921  1417.2286516854     0.1439073596     0.3629467416     0.4359999438     0.1793676966     0.3240556180     0.0905689326     2.8539325843  ]
