y_range =  124.0000000000
y_mu    =   46.9269662921
X_range = [  16.2700000000    23.4900000000   110.2000000000  1878.9000000000     0.0697300000     0.2653500000     0.4028200000     0.1808900000     0.1370000000     0.0471900000     1.6252000000     2.7579000000    12.1270000000   301.5100000000     0.0284630000     0.1280530000     0.1328600000     0.0340960000     0.0525280000     0.0114730000    22.2900000000    32.8700000000   147.1000000000  3389.0000000000     0.1159300000     1.0066900000     1.1460200000     0.2613100000     0.5073000000     0.1524600000     9.6000000000  ]
X_mu    = [  17.4702808989    22.2855617978   115.2625280899   975.1544943820     0.1024948876     0.1428570787     0.1567671910     0.0866660674     0.1921078652     0.0627004494     0.5999365169     1.2346803371     4.2408932584    69.9882584270     0.0067382528     0.0315890674     0.0412576404     0.0149413202     0.0207104045     0.0039911180    21.1121910112    30.0654494382   141.0447191011  1415.6780898876     0.1432902809     0.3662829213     0.4406959551     0.1785385393     0.3248674157     0.0909744944     2.8601123596  ]
