y_range =  124.0000000000
y_mu    =   47.5561797753
X_range = [  16.2700000000    28.9000000000   110.2000000000  1888.4000000000     0.0697300000     0.2653500000     0.4028200000     0.1781300000     0.1370000000     0.0471900000     1.6252000000     3.1409000000    12.1270000000   302.0100000000     0.0284630000     0.1280530000     0.1328600000     0.0340960000     0.0525280000     0.0114730000    22.2900000000    32.8700000000   147.1000000000  3394.9000000000     0.1406900000     1.0066900000     1.1460200000     0.2613100000     0.5073000000     0.1524600000     9.6000000000  ]
X_mu    = [  17.4178651685    22.2376404494   114.8966853933   970.1067415730     0.1026335393     0.1437346067     0.1575861236     0.0867275843     0.1927955056     0.0627789326     0.6019966292     1.2656595506     4.2487415730    69.9266292135     0.0068218483     0.0316571910     0.0415046629     0.0151624494     0.0208675955     0.0039954045    21.0134269663    30.1048876404   140.4068539326  1402.8567415730     0.1441860112     0.3715739326     0.4438021910     0.1791328090     0.3255882022     0.0913084270     2.8561797753  ]
