y_range =  124.0000000000
y_mu    =   46.4438202247
X_range = [  16.2700000000    28.9000000000   110.2000000000  1888.4000000000     0.0697300000     0.2406500000     0.3999500000     0.1808900000     0.1732000000     0.0321800000     1.6252000000     3.1409000000    12.1270000000   302.0100000000     0.0284630000     0.1280530000     0.1328600000     0.0340960000     0.0506270000     0.0114730000    22.2900000000    32.8700000000   147.1000000000  3394.9000000000     0.1298700000     0.9782600000     1.1088000000     0.2245500000     0.4171000000     0.1510600000     9.6000000000  ]
X_mu    = [  17.4019662921    22.1814044944   114.8419662921   968.3932584270     0.1032305056     0.1430111236     0.1577141573     0.0876477528     0.1929477528     0.0627258989     0.5924089888     1.2429926966     4.1738089888    68.6621910112     0.0068253034     0.0309474213     0.0410016854     0.0151049888     0.0204105056     0.0039857022    20.9985393258    30.0004494382   140.2410674157  1399.2752808989     0.1448226404     0.3671289326     0.4418579213     0.1803978652     0.3231730337     0.0910632584     2.8393258427  ]
