y_range =  124.0000000000
y_mu    =   47.6292134831
X_range = [  16.2700000000    28.9000000000   110.2000000000  1888.4000000000     0.0697300000     0.2600900000     0.4028200000     0.1808900000     0.1732000000     0.0471900000     1.6252000000     3.1409000000    12.1270000000   302.0100000000     0.0284630000     0.1280530000     0.1328600000     0.0340960000     0.0525280000     0.0114730000    22.2900000000    32.8700000000   147.1000000000  3394.9000000000     0.1406900000     1.0066900000     1.1460200000     0.2613100000     0.5073000000     0.1524600000     9.6000000000  ]
X_mu    = [  17.2582022472    22.2758988764   113.8518539326   954.6078651685     0.1029028652     0.1436565730     0.1545437079     0.0858126966     0.1921297753     0.0629810674     0.6051741573     1.2543623596     4.2573876404    70.1469662921     0.0067922921     0.0315065169     0.0403906180     0.0150893652     0.0205480449     0.0040378596    20.9047752809    30.1434269663   139.5177528090  1392.5303370787     0.1446860112     0.3707601124     0.4359488202     0.1790314607     0.3235646067     0.0917030899     2.7735955056  ]
