y_range =  124.0000000000
y_mu    =   48.1629213483
X_range = [  16.2700000000    28.9000000000   110.2000000000  1888.4000000000     0.0675300000     0.2653500000     0.3339200000     0.1709900000     0.1732000000     0.0470000000     1.6252000000     3.1409000000    11.9460000000   302.0100000000     0.0284630000     0.1280530000     0.1328600000     0.0340960000     0.0525280000     0.0114730000    22.2900000000    32.8700000000   147.1000000000  3394.9000000000     0.1364900000     0.8865900000     1.1460200000     0.2613100000     0.5073000000     0.1179600000     9.6000000000  ]
X_mu    = [  17.3761797753    22.3996067416   114.6032584270   966.6910112360     0.1026000562     0.1411801685     0.1551601685     0.0863083708     0.1915078652     0.0626134270     0.6023814607     1.2567775281     4.2612696629    70.2072471910     0.0066683202     0.0306317303     0.0401048876     0.0150559494     0.0202369045     0.0039401124    21.0174719101    30.2074719101   140.4360112360  1407.0191011236     0.1435860112     0.3623733708     0.4336432022     0.1781396067     0.3209353933     0.0906019101     2.8011235955  ]
