y_range =  124.0000000000
y_mu    =   48.2808988764
X_range = [  16.2700000000    23.4900000000   110.2000000000  1888.4000000000     0.0697300000     0.2653500000     0.4028200000     0.1808900000     0.1732000000     0.0471900000     1.6252000000     3.1409000000    12.1270000000   302.0100000000     0.0284630000     0.1280530000     0.1328600000     0.0340960000     0.0525280000     0.0114730000    22.2900000000    32.8700000000   147.1000000000  3394.9000000000     0.1406900000     1.0066900000     1.1460200000     0.2613100000     0.5073000000     0.1524600000     9.6000000000  ]
X_mu    = [  17.3400561798    22.0789887640   114.3857865169   961.8123595506     0.1027594382     0.1426695506     0.1558184270     0.0863829775     0.1930589888     0.0627336517     0.5974376404     1.2718084270     4.2093764045    69.1495505618     0.0069031573     0.0316052809     0.0410585955     0.0152264438     0.0209608539     0.0040151124    20.8804494382    29.9139887640   139.3935955056  1386.5977528090     0.1443629775     0.3664053933     0.4375561236     0.1781485955     0.3248421348     0.0908024157     2.9016853933  ]
