y_range =  124.0000000000
y_mu    =   47.3707865169
X_range = [  16.2700000000    28.9000000000   110.2000000000  1888.4000000000     0.0697300000     0.2653500000     0.4028200000     0.1808900000     0.1732000000     0.0470000000     1.6252000000     3.1409000000    12.1270000000   302.0100000000     0.0284630000     0.0932530000     0.1328600000     0.0339730000     0.0525280000     0.0114730000    22.2900000000    32.5000000000   147.1000000000  3394.9000000000     0.1298700000     1.0066900000     1.1460200000     0.2613100000     0.5073000000     0.1524600000     9.6000000000  ]
X_mu    = [  17.3165730337    22.3413483146   114.2264044944   960.3606741573     0.1031055056     0.1432351124     0.1565969663     0.0869611236     0.1933308989     0.0629731461     0.5994365169     1.2676870787     4.2123932584    69.4183707865     0.0067896011     0.0309090056     0.0405302809     0.0151217528     0.0203963034     0.0039858371    20.9642134831    30.2979775281   139.9031460674  1399.3078651685     0.1449471910     0.3676643820     0.4398533146     0.1804432022     0.3253994382     0.0915967978     2.8033707865  ]
