y_range =  122.0000000000
y_mu    =   47.2808988764
X_range = [  16.2700000000    28.9000000000   110.2000000000  1888.4000000000     0.0697300000     0.2653500000     0.4028200000     0.1808900000     0.1732000000     0.0471900000     1.6252000000     3.1409000000    12.1270000000   302.0100000000     0.0284630000     0.1280530000     0.1328600000     0.0340960000     0.0525280000     0.0114730000    22.2900000000    32.8700000000   147.1000000000  3394.9000000000     0.1406900000     1.0066900000     1.0810200000     0.2613100000     0.5073000000     0.1524600000     9.6000000000  ]
X_mu    = [  17.4276966292    22.1057303371   114.9278089888   972.6174157303     0.1025048315     0.1424947753     0.1555780337     0.0863988202     0.1934915730     0.0626174719     0.6110235955     1.2460314607     4.3049213483    71.1584831461     0.0068033146     0.0310218539     0.0407734270     0.0151518258     0.0205160225     0.0039697528    21.0475280899    29.8752808989   140.5276404494  1408.5601123596     0.1438073596     0.3623093258     0.4317196067     0.1779311236     0.3234775281     0.0905915169     2.9252808989  ]
