y_range =  124.0000000000
y_mu    =   47.1011235955
X_range = [  16.2700000000    28.9000000000   110.2000000000  1888.4000000000     0.0697300000     0.2653500000     0.4028200000     0.1781300000     0.1732000000     0.0471900000     1.6252000000     3.1409000000    12.1270000000   302.0100000000     0.0284630000     0.1280530000     0.1328600000     0.0340960000     0.0525280000     0.0114730000    22.2900000000    30.4900000000   147.1000000000  3394.9000000000     0.1406900000     1.0066900000     1.0810200000     0.2613100000     0.5073000000     0.1524600000     9.6000000000  ]
X_mu    = [  17.4732022472    22.1265168539   115.3229775281   978.5657303371     0.1029866292     0.1446280337     0.1579872472     0.0878194944     0.1933314607     0.0629008427     0.6125617978     1.2569775281     4.3227303371    71.8130337079     0.0067747135     0.0317141573     0.0407327528     0.0152215169     0.0207775000     0.0040463539    21.0973033708    29.8067977528   140.9604494382  1418.9471910112     0.1438348876     0.3675379775     0.4341628652     0.1791946629     0.3241382022     0.0910133708     2.9140449438  ]
