y_range =  124.0000000000
y_mu    =   46.9269662921
X_range = [  14.7800000000    23.4900000000   102.3000000000  1648.4000000000     0.0697300000     0.2653500000     0.3999500000     0.1808900000     0.1732000000     0.0471900000     1.6252000000     3.0273000000    12.1270000000   302.0100000000     0.0284630000     0.0932530000     0.1328600000     0.0340960000     0.0498470000     0.0114730000    22.2900000000    32.8700000000   147.1000000000  3394.9000000000     0.1406900000     0.9782600000     1.1088000000     0.2245500000     0.5035000000     0.1510600000     9.6000000000  ]
X_mu    = [  17.4506741573    22.2707865169   115.1055617978   973.9578651685     0.1024448876     0.1423474719     0.1566540449     0.0869055618     0.1922353933     0.0626210674     0.5999235955     1.2604483146     4.2486573034    70.0000561798     0.0067420281     0.0308921348     0.0404989888     0.0150670000     0.0202459551     0.0039282865    21.0679775281    30.2202247191   140.8079775281  1410.3696629213     0.1438755056     0.3657323034     0.4389174719     0.1794862921     0.3230303371     0.0904890449     2.8662921348  ]
