y_range =  124.0000000000
y_mu    =   46.7134831461
X_range = [  16.2700000000    28.9000000000   110.2000000000  1888.4000000000     0.0697300000     0.2653500000     0.4028200000     0.1808900000     0.1616000000     0.0471900000     1.6252000000     3.1409000000    12.1270000000   302.0100000000     0.0206630000     0.1280530000     0.1168600000     0.0313030000     0.0525280000     0.0106330000    22.2900000000    32.8700000000   147.1000000000  3394.9000000000     0.1406900000     1.0066900000     1.1460200000     0.2613100000     0.5073000000     0.1524600000     9.6000000000  ]
X_mu    = [  17.4732584270    22.3291573034   115.2710674157   978.4769662921     0.1027531461     0.1432807865     0.1564512360     0.0872720787     0.1929623596     0.0627062360     0.6152730337     1.2672297753     4.3441910112    71.9491011236     0.0066331124     0.0310697472     0.0403584831     0.0150094888     0.0203860787     0.0039637022    21.1509550562    30.2435955056   141.2761797753  1423.1241573034     0.1441815169     0.3693722472     0.4406432022     0.1794088202     0.3231219101     0.0913489326     2.9089887640  ]
