y_range =  124.0000000000
y_mu    =   46.5617977528
X_range = [  16.1400000000    23.4900000000   108.8000000000  1888.4000000000     0.0697300000     0.2653500000     0.4028200000     0.1808900000     0.1732000000     0.0321800000     1.6252000000     3.1409000000    12.1270000000   302.0100000000     0.0284630000     0.0932530000     0.1328600000     0.0339730000     0.0525280000     0.0114730000    21.8900000000    32.8700000000   147.1000000000  3394.9000000000     0.1406900000     1.0066900000     1.1460200000     0.2613100000     0.4209000000     0.1524600000     9.6000000000  ]
X_mu    = [  17.5043820225    22.1127528090   115.5076404494   980.6511235955     0.1027078090     0.1426900000     0.1582588764     0.0877667416     0.1938000000     0.0626179213     0.6179528090     1.2527662921     4.3584494382    72.3951123596     0.0067695112     0.0305164888     0.0412339888     0.0151855169     0.0204472584     0.0039365337    21.1562921348    29.8810674157   141.4419662921  1425.2033707865     0.1434691573     0.3604160674     0.4384673596     0.1790217416     0.3234404494     0.0902451124     2.8505617978  ]
