y_range =  124.0000000000
y_mu    =   47.5280898876
X_range = [  16.2700000000    28.9000000000   110.2000000000  1888.4000000000     0.0697300000     0.2653500000     0.4028200000     0.1808900000     0.1732000000     0.0471900000     1.5362000000     3.1409000000    10.4070000000   302.0100000000     0.0284630000     0.1280530000     0.1328600000     0.0340960000     0.0525280000     0.0114730000    22.2900000000    32.8700000000   147.1000000000  3394.9000000000     0.1256700000     1.0066900000     1.1460200000     0.2613100000     0.5073000000     0.1524600000     9.6000000000  ]
X_mu    = [  17.3688764045    22.2589325843   114.5108426966   964.0926966292     0.1024801685     0.1414115730     0.1550056742     0.0862637079     0.1922449438     0.0626402247     0.5966657303     1.2478404494     4.1804044944    69.2314044944     0.0067525112     0.0306837640     0.0405119663     0.0149191573     0.0202563034     0.0039318371    20.9448314607    30.0281460674   139.5834831461  1394.4061797753     0.1434685393     0.3599660674     0.4333735393     0.1773099438     0.3212601124     0.0902885955     2.8365168539  ]
