y_range =  124.0000000000
y_mu    =   45.5337078652
X_range = [  16.2700000000    28.9000000000   110.2000000000  1888.4000000000     0.0697300000     0.2406500000     0.4028200000     0.1808900000     0.1732000000     0.0471900000     1.6252000000     3.1409000000    12.1270000000   302.0100000000     0.0284630000     0.1280530000     0.1328600000     0.0340960000     0.0525280000     0.0114730000    22.2900000000    32.8700000000   144.9800000000  3394.9000000000     0.1406900000     1.0066900000     1.1460200000     0.2466100000     0.5073000000     0.1524600000     9.6000000000  ]
X_mu    = [  17.4814044944    22.2525842697   115.3250561798   978.0561797753     0.1028275843     0.1425222472     0.1587046629     0.0875223596     0.1929741573     0.0626095506     0.5997168539     1.2534000000     4.2229606742    70.0497752809     0.0067925562     0.0314148933     0.0412885955     0.0150789270     0.0207392247     0.0040008371    21.0190449438    30.0509550562   140.2767415730  1404.7415730337     0.1441315169     0.3658630337     0.4408842135     0.1788595506     0.3245365169     0.0907115169     2.8297752809  ]
