y_range =  122.0000000000
y_mu    =   46.1235955056
X_range = [  14.7800000000    28.9000000000   102.3000000000  1648.4000000000     0.0675300000     0.2653500000     0.3310500000     0.1709900000     0.1732000000     0.0471900000     1.5362000000     3.1409000000    10.4070000000   302.0100000000     0.0284630000     0.1280530000     0.1328600000     0.0340960000     0.0506270000     0.0114730000    22.2900000000    32.8700000000   147.1000000000  3394.9000000000     0.1406900000     0.9782600000     1.1088000000     0.2245500000     0.5035000000     0.1510600000     9.6000000000  ]
X_mu    = [  17.2795505618    22.2882584270   113.9517415730   953.6460674157     0.1026978652     0.1424052247     0.1554658427     0.0858753933     0.1924668539     0.0628638202     0.5874241573     1.2450876404     4.1566067416    67.8585955056     0.0066863876     0.0306846067     0.0405174157     0.0150385169     0.0203258427     0.0039659494    20.8561797753    30.2013483146   139.3383146067  1380.6679775281     0.1444474157     0.3653823034     0.4391641011     0.1787980899     0.3234151685     0.0911787640     2.7500000000  ]
