y_range =  124.0000000000
y_mu    =   45.6741573034
X_range = [  16.2700000000    28.9000000000   110.2000000000  1888.4000000000     0.0697300000     0.2653500000     0.4028200000     0.1808900000     0.1732000000     0.0471900000     1.6252000000     3.1409000000    12.1270000000   302.0100000000     0.0284630000     0.1280530000     0.1328600000     0.0340960000     0.0525280000     0.0114730000    22.2900000000    32.8700000000   147.1000000000  3394.9000000000     0.1406900000     0.8865900000     1.1460200000     0.2613100000     0.5073000000     0.1179600000     9.6000000000  ]
X_mu    = [  17.4178651685    22.2302247191   114.8901123596   969.2589887640     0.1025556180     0.1422479213     0.1556218539     0.0865600562     0.1934488764     0.0626271348     0.6009949438     1.2745578652     4.2399101124    69.5053370787     0.0068133652     0.0312032584     0.0410070225     0.0152485955     0.0209040393     0.0039872921    20.9263483146    29.9902247191   139.7028651685  1387.6853932584     0.1433573596     0.3590329213     0.4306437640     0.1779103933     0.3235235955     0.0900772472     2.7994382022  ]
