y_range =  124.0000000000
y_mu    =   48.0168539326
X_range = [  16.2700000000    27.3900000000   110.2000000000  1888.4000000000     0.0697300000     0.2653500000     0.3999500000     0.1808900000     0.1732000000     0.0470000000     1.6252000000     2.7579000000    12.1270000000   239.8100000000     0.0284630000     0.1262950000     0.1327900000     0.0340960000     0.0506270000     0.0114730000    20.2900000000    32.8700000000   144.2000000000  2923.9000000000     0.1364900000     0.9782600000     1.1088000000     0.2245500000     0.5035000000     0.1510600000     9.6000000000  ]
X_mu    = [  17.4202247191    22.1682584270   114.9509550562   970.1528089888     0.1026740449     0.1436224157     0.1561082584     0.0868102809     0.1930426966     0.0628030899     0.5952741573     1.2447460674     4.2157078652    69.0160674157     0.0067784270     0.0317916910     0.0410894944     0.0152249831     0.0206311798     0.0040425449    20.9844382022    30.0178651685   140.2388764045  1396.0915730337     0.1438631461     0.3703213483     0.4392916292     0.1801316854     0.3248730337     0.0914311236     2.8516853933  ]
