y_range =  124.0000000000
y_mu    =   47.2640449438
X_range = [  16.2700000000    28.9000000000   110.2000000000  1888.4000000000     0.0697300000     0.2653500000     0.4028200000     0.1808900000     0.1732000000     0.0471900000     1.6252000000     3.1409000000    12.1270000000   302.0100000000     0.0284630000     0.0921780000     0.1327900000     0.0340960000     0.0525280000     0.0114730000    22.2900000000    32.8700000000   147.1000000000  3394.9000000000     0.1406900000     1.0066900000     1.0810200000     0.2466100000     0.5073000000     0.1524600000     9.6000000000  ]
X_mu    = [  17.4000000000    22.1062921348   114.7934269663   968.8528089888     0.1029281461     0.1425752247     0.1562357865     0.0868872472     0.1932073034     0.0626939888     0.6030640449     1.2668247191     4.2563426966    69.9698314607     0.0067659607     0.0309399607     0.0406877528     0.0151625281     0.0205202360     0.0039656236    20.9982584270    29.9691573034   140.1615730337  1400.8022471910     0.1441000562     0.3622292697     0.4345583708     0.1787158989     0.3236573034     0.0904464045     2.9157303371  ]
