y_range =  124.0000000000
y_mu    =   45.7709497207
X_range = [  16.2700000000    28.9000000000   110.2000000000  1888.4000000000     0.0675300000     0.2653500000     0.3339200000     0.1709900000     0.1612000000     0.0471900000     1.6252000000     3.1409000000    12.1270000000   302.0100000000     0.0115330000     0.1280530000     0.1056600000     0.0314260000     0.0525280000     0.0106330000    22.2900000000    32.8700000000   147.1000000000  3394.9000000000     0.1406900000     1.0066900000     1.1460200000     0.2466100000     0.5073000000     0.1524600000     9.6000000000  ]
X_mu    = [  17.4488826816    22.1756424581   115.0449720670   974.9776536313     0.1024044693     0.1412650279     0.1553821229     0.0867595531     0.1927720670     0.0625754190     0.6119675978     1.2618044693     4.3083798883    71.3282122905     0.0066082179     0.0302993855     0.0399321229     0.0150840335     0.0208142402     0.0038867989    21.1198882682    30.0403910615   140.9422346369  1419.6519553073     0.1437307821     0.3607154190     0.4350546927     0.1785399441     0.3252664804     0.0901919553     2.8201117318  ]
