y_range =  124.0000000000
y_mu    =   47.6741573034
X_range = [  16.2700000000    28.9000000000   110.2000000000  1888.4000000000     0.0675300000     0.2653500000     0.3339200000     0.1674900000     0.1732000000     0.0471900000     1.6252000000     3.1409000000    12.1270000000   302.0100000000     0.0284630000     0.1280530000     0.1328600000     0.0340960000     0.0525280000     0.0114730000    22.2900000000    32.8700000000   147.1000000000  3394.9000000000     0.1406900000     1.0066900000     1.1460200000     0.2613100000     0.5073000000     0.1524600000     9.6000000000  ]
X_mu    = [  17.3053370787    22.2983146067   114.0748314607   958.3056179775     0.1023793258     0.1415654494     0.1533429775     0.0856505056     0.1924595506     0.0627055056     0.5987955056     1.2533938202     4.2288988764    69.2583707865     0.0066198427     0.0307939326     0.0400334831     0.0150536910     0.0206455169     0.0039483596    20.9427528090    30.2137640449   139.8464044944  1395.3949438202     0.1434214045     0.3661537079     0.4344696067     0.1782266854     0.3249887640     0.0910017416     2.7567415730  ]
