y_range =  124.0000000000
y_mu    =   47.4719101124
X_range = [  14.7800000000    28.9000000000   102.3000000000  1648.4000000000     0.0697300000     0.2653500000     0.4028200000     0.1808900000     0.1347000000     0.0471900000     1.6252000000     3.1409000000    12.1270000000   302.0100000000     0.0284630000     0.1280530000     0.1328600000     0.0340960000     0.0525280000     0.0114730000    22.2900000000    32.8700000000   144.9800000000  3394.9000000000     0.1406900000     0.8865900000     1.1460200000     0.2613100000     0.5073000000     0.1179600000     9.6000000000  ]
X_mu    = [  17.4117415730    22.2817415730   114.8588764045   967.8224719101     0.1026309551     0.1423258427     0.1552800000     0.0862579775     0.1914915730     0.0626738764     0.5960932584     1.2507870787     4.2211516854    69.0864044944     0.0068298427     0.0310397753     0.0406105056     0.0150437584     0.0203825955     0.0039575281    20.9489325843    30.0435393258   139.9847191011  1389.8640449438     0.1440781461     0.3616680899     0.4318392697     0.1773480337     0.3210971910     0.0902860112     2.8202247191  ]
