y_range =  124.0000000000
y_mu    =   47.6123595506
X_range = [  16.2700000000    28.9000000000   110.2000000000  1888.4000000000     0.0697300000     0.2653500000     0.3957000000     0.1808900000     0.1732000000     0.0471900000     1.6136000000     3.1409000000    12.1270000000   302.0100000000     0.0284630000     0.1280530000     0.1328600000     0.0340960000     0.0506270000     0.0114730000    22.2900000000    32.8700000000   144.9800000000  3394.9000000000     0.1406900000     0.9605500000     1.0879900000     0.2245500000     0.5035000000     0.1510600000     9.6000000000  ]
X_mu    = [  17.4275280899    22.2697752809   115.0299438202   972.8235955056     0.1028004494     0.1446228652     0.1584879213     0.0873624157     0.1942308989     0.0628525281     0.6015005618     1.2465438202     4.2622415730    70.8079213483     0.0067969213     0.0319478146     0.0414382022     0.0152006180     0.0207521348     0.0040690843    21.1030898876    30.1666853933   141.1135955056  1418.1084269663     0.1447693258     0.3733230899     0.4459961236     0.1814073596     0.3273359551     0.0916587640     2.8028089888  ]
