y_range =  122.0000000000
y_mu    =   47.0449438202
X_range = [  16.2700000000    28.9000000000   110.2000000000  1888.4000000000     0.0697300000     0.2600900000     0.4028200000     0.1808900000     0.1732000000     0.0471900000     1.6252000000     3.1409000000    12.1270000000   302.0100000000     0.0284630000     0.1280530000     0.1328600000     0.0340960000     0.0517480000     0.0114730000    22.2900000000    30.4900000000   147.1000000000  3394.9000000000     0.1406900000     1.0066900000     1.1460200000     0.2613100000     0.5073000000     0.1524600000     9.6000000000  ]
X_mu    = [  17.4826966292    22.3930337079   115.3701685393   978.7893258427     0.1026173034     0.1437589888     0.1572710112     0.0874141011     0.1925426966     0.0628559551     0.6084808989     1.2879691011     4.3193146067    71.0497752809     0.0067647978     0.0316614045     0.0410981461     0.0151306067     0.0204954213     0.0040433427    21.0916853933    30.2977528090   141.0126966292  1415.6398876404     0.1429876966     0.3663915730     0.4364808427     0.1777342697     0.3217988764     0.0909350562     2.8387640449  ]
