y_range =  124.0000000000
y_mu    =   44.9101123596
X_range = [  16.2700000000    28.9000000000   110.2000000000  1888.4000000000     0.0697300000     0.2653500000     0.4028200000     0.1808900000     0.1732000000     0.0471900000     1.6252000000     2.7579000000    12.1270000000   302.0100000000     0.0284630000     0.1280530000     0.1328600000     0.0340960000     0.0525280000     0.0112740000    22.2900000000    30.4900000000   147.1000000000  3394.9000000000     0.1406900000     0.8865900000     1.1460200000     0.2613100000     0.5073000000     0.1179600000     9.6000000000  ]
X_mu    = [  17.4085955056    22.2326404494   114.8132022472   970.3477528090     0.1025052809     0.1419128090     0.1553765730     0.0864163483     0.1929651685     0.0626435955     0.6056578652     1.2645803371     4.2759943820    70.7451123596     0.0067771517     0.0312377472     0.0406443820     0.0151588427     0.0209195225     0.0039920506    21.0222471910    30.1280337079   140.4854494382  1406.8657303371     0.1436899438     0.3630295506     0.4334943258     0.1786761236     0.3255320225     0.0903660112     2.7814606742  ]
