y_range =  124.0000000000
y_mu    =   48.0393258427
X_range = [  16.2700000000    28.9000000000   110.2000000000  1888.4000000000     0.0697300000     0.2653500000     0.4028200000     0.1808900000     0.1616000000     0.0471900000     1.6252000000     3.0541000000    12.1270000000   302.0100000000     0.0206630000     0.1280530000     0.1168600000     0.0314260000     0.0525280000     0.0106330000    22.2900000000    32.8700000000   147.1000000000  3394.9000000000     0.1406900000     1.0066900000     1.1460200000     0.2613100000     0.5073000000     0.1524600000     9.6000000000  ]
X_mu    = [  17.2976966292    22.2039887640   114.0261797753   958.0207865169     0.1027017416     0.1423851685     0.1546513483     0.0859556180     0.1939578652     0.0627517978     0.6016292135     1.2592286517     4.2193483146    69.6716853933     0.0066099944     0.0310445506     0.0401259551     0.0149065730     0.0208333820     0.0039142978    20.9079775281    30.1725280899   139.4795505618  1389.8938202247     0.1440860112     0.3692537079     0.4371948876     0.1789351124     0.3278028090     0.0911003933     2.8179775281  ]
