y_range =  124.0000000000
y_mu    =   46.6629213483
X_range = [  16.2700000000    28.9000000000   110.2000000000  1888.4000000000     0.0697300000     0.2653500000     0.4028200000     0.1781300000     0.1370000000     0.0307900000     1.6252000000     3.1409000000    12.1270000000   302.0100000000     0.0284630000     0.1280530000     0.1328600000     0.0340960000     0.0525280000     0.0114730000    22.2900000000    32.8700000000   147.1000000000  3394.9000000000     0.1406900000     0.8865900000     1.1460200000     0.2613100000     0.4209000000     0.0895600000     9.6000000000  ]
X_mu    = [  17.4038764045    22.1838202247   114.8137078652   969.6151685393     0.1022203371     0.1415360112     0.1540234831     0.0856812360     0.1910438202     0.0624569663     0.5960966292     1.2525971910     4.2118876404    69.6017415730     0.0067056629     0.0310214045     0.0403915169     0.0149475000     0.0203228202     0.0039226798    21.0166853933    30.0305617978   140.3895505618  1405.9707865169     0.1436101685     0.3646896629     0.4357932022     0.1776547753     0.3214123596     0.0904079213     2.8966292135  ]
