y_range =  124.0000000000
y_mu    =   47.7921348315
X_range = [  16.2700000000    28.9000000000   110.2000000000  1888.4000000000     0.0697300000     0.2653500000     0.4028200000     0.1808900000     0.1732000000     0.0471900000     1.6252000000     2.7579000000    12.1270000000   302.0100000000     0.0284630000     0.0907130000     0.1328600000     0.0339730000     0.0525280000     0.0114730000    22.2900000000    32.8700000000   144.9800000000  3394.9000000000     0.1406900000     0.8865900000     1.1460200000     0.2466100000     0.5073000000     0.1179600000     9.6000000000  ]
X_mu    = [  17.4141573034    22.2760674157   114.8633146067   969.5898876404     0.1027204494     0.1418749438     0.1562325281     0.0865503371     0.1921910112     0.0625961798     0.6007061798     1.2483241573     4.2360561798    70.0705617978     0.0068096742     0.0307455562     0.0404237640     0.0149564663     0.0203198989     0.0039411742    21.0464044944    30.0761235955   140.4826966292  1407.6365168539     0.1441875281     0.3617596629     0.4354313483     0.1787121348     0.3226230337     0.0903355056     2.7516853933  ]
