y_range =  124.0000000000
y_mu    =   47.1404494382
X_range = [  16.2700000000    28.9000000000   110.2000000000  1888.4000000000     0.0697300000     0.2653500000     0.4028200000     0.1808900000     0.1732000000     0.0471900000     1.6252000000     3.1409000000    12.1270000000   302.0100000000     0.0284630000     0.1280530000     0.1328600000     0.0340960000     0.0525280000     0.0114730000    22.2900000000    32.5000000000   147.1000000000  3394.9000000000     0.1406900000     1.0066900000     1.1460200000     0.2613100000     0.5073000000     0.1524600000     9.6000000000  ]
X_mu    = [  17.4598876404    22.2667977528   115.1606179775   975.6207865169     0.1026276966     0.1427818539     0.1566771910     0.0872501685     0.1925629213     0.0626755056     0.6082466292     1.2759078652     4.2970056180    71.1188202247     0.0068088539     0.0311937079     0.0406557303     0.0152047472     0.0206494494     0.0039835169    21.0679775281    30.1364606742   140.6301123596  1411.8595505618     0.1438882584     0.3614194382     0.4329196067     0.1793176966     0.3217679775     0.0904479213     2.8589887640  ]
