y_range =  124.0000000000
y_mu    =   47.4494382022
X_range = [  16.2700000000    28.9000000000   110.2000000000  1888.4000000000     0.0697300000     0.2600900000     0.4028200000     0.1808900000     0.1732000000     0.0471900000     1.6252000000     3.1409000000    12.1270000000   302.0100000000     0.0284630000     0.1280530000     0.1328600000     0.0340960000     0.0525280000     0.0114730000    22.2900000000    32.5000000000   147.1000000000  3394.9000000000     0.1298700000     1.0066900000     1.1460200000     0.2613100000     0.5073000000     0.1524600000     9.6000000000  ]
X_mu    = [  17.3611797753    22.3136516854   114.6087078652   964.9926966292     0.1031267978     0.1439809551     0.1582045506     0.0876025843     0.1930865169     0.0629025843     0.6041269663     1.2730095506     4.2811292135    70.4335393258     0.0067900899     0.0317155056     0.0412134270     0.0152123146     0.0206841124     0.0040168933    21.0176966292    30.2800000000   140.4647191011  1406.6241573034     0.1445629213     0.3705101124     0.4424066854     0.1805607303     0.3250769663     0.0913593258     2.8095505618  ]
