y_range =  124.0000000000
y_mu    =   46.4044943820
X_range = [  16.2700000000    27.3900000000   110.2000000000  1888.4000000000     0.0665800000     0.2600900000     0.3339200000     0.1709900000     0.1732000000     0.0471900000     1.6252000000     3.1409000000    12.1270000000   302.0100000000     0.0283040000     0.1280530000     0.1328600000     0.0340960000     0.0525280000     0.0114730000    22.2900000000    32.8700000000   147.1000000000  3394.9000000000     0.1406900000     1.0066900000     1.0810200000     0.2613100000     0.5073000000     0.1524600000     9.6000000000  ]
X_mu    = [  17.3761797753    22.3075842697   114.6176966292   966.4151685393     0.1023917416     0.1426434270     0.1545708989     0.0861510112     0.1921651685     0.0627891011     0.5957483146     1.2434803371     4.2140000000    69.0696629213     0.0066493933     0.0311619101     0.0403693258     0.0151668989     0.0202042247     0.0040179663    20.9843820225    30.1587078652   140.0941573034  1398.7005617978     0.1439685955     0.3678123596     0.4356050000     0.1792198315     0.3225292135     0.0913514045     2.9005617978  ]
