y_range =  124.0000000000
y_mu    =   46.7752808989
X_range = [  14.7800000000    27.3900000000   102.3000000000  1648.4000000000     0.0697300000     0.2406500000     0.4028200000     0.1808900000     0.1732000000     0.0471900000     1.6252000000     3.1409000000    11.9460000000   302.0100000000     0.0284630000     0.1280530000     0.1328600000     0.0340960000     0.0525280000     0.0114730000    22.2900000000    32.8700000000   147.1000000000  3394.9000000000     0.1406900000     1.0066900000     1.1460200000     0.2613100000     0.5073000000     0.1524600000     9.6000000000  ]
X_mu    = [  17.2986516854    22.4281460674   114.0339887640   956.1016853933     0.1026209551     0.1410406742     0.1540092697     0.0852962921     0.1919528090     0.0627160674     0.5986286517     1.2836117978     4.2134101124    69.0424157303     0.0068658146     0.0312075281     0.0410420787     0.0151747303     0.0207786067     0.0040067978    20.8461797753    30.3555617978   139.0362921348  1378.6089887640     0.1443056742     0.3636059551     0.4358173596     0.1771441011     0.3228775281     0.0908917978     2.8741573034  ]
