y_range =  124.0000000000
y_mu    =   47.2359550562
X_range = [  16.2700000000    28.9000000000   110.2000000000  1888.4000000000     0.0697300000     0.2653500000     0.4028200000     0.1808900000     0.1732000000     0.0471900000     1.6252000000     3.1409000000    12.1270000000   302.0100000000     0.0284630000     0.1280530000     0.1328600000     0.0340960000     0.0525280000     0.0114730000    22.2900000000    32.8700000000   147.1000000000  3394.9000000000     0.1406900000     1.0066900000     1.1460200000     0.2613100000     0.5073000000     0.1524600000     9.6000000000  ]
X_mu    = [  17.4732022472    22.3102247191   115.2933707865   978.0410112360     0.1026667978     0.1430642135     0.1570033146     0.0871913483     0.1919410112     0.0626532584     0.6093595506     1.2711185393     4.3108202247    71.2042696629     0.0067678483     0.0313647978     0.0406592135     0.0149527978     0.0204043933     0.0039790112    21.1195505618    30.2253370787   141.1180337079  1420.2898876404     0.1435122472     0.3665492135     0.4374796629     0.1787317416     0.3217702247     0.0908225843     2.8578651685  ]
