y_range =  124.0000000000
y_mu    =   46.9606741573
X_range = [  16.2700000000    27.3900000000   110.2000000000  1888.4000000000     0.0697300000     0.2653500000     0.4028200000     0.1808900000     0.1732000000     0.0471900000     1.6252000000     2.7579000000    12.1270000000   302.0100000000     0.0284630000     0.1280530000     0.1328600000     0.0340960000     0.0525280000     0.0114730000    22.2900000000    30.4900000000   147.1000000000  3394.9000000000     0.1406900000     0.8865900000     1.1460200000     0.2466100000     0.5073000000     0.1179600000     9.6000000000  ]
X_mu    = [  17.4246067416    22.1016292135   114.8119101124   971.8808988764     0.1021338764     0.1393390449     0.1527683708     0.0855219663     0.1921348315     0.0623430899     0.6075337079     1.2528191011     4.2695617978    70.6505056180     0.0067433090     0.0303025843     0.0401291573     0.0150819607     0.0206966573     0.0038844607    21.0506741573    29.9362359551   140.4144382022  1407.8028089888     0.1429152247     0.3540070787     0.4248415169     0.1771844944     0.3233724719     0.0894109551     2.7224719101  ]
