y_range =  124.0000000000
y_mu    =   46.8370786517
X_range = [  14.7800000000    28.9000000000   102.3000000000  1648.4000000000     0.0697300000     0.2653500000     0.4028200000     0.1781300000     0.1732000000     0.0471900000     1.6136000000     3.0541000000    12.1270000000   302.0100000000     0.0284630000     0.1280530000     0.1328600000     0.0339730000     0.0525280000     0.0114730000    22.2900000000    32.8700000000   147.1000000000  3394.9000000000     0.1406900000     1.0066900000     1.1460200000     0.2613100000     0.5073000000     0.1524600000     9.6000000000  ]
X_mu    = [  17.4099438202    22.4026404494   114.9101685393   969.3573033708     0.1027498315     0.1440091011     0.1574678090     0.0870506742     0.1928679775     0.0628244382     0.6060376404     1.2873578652     4.2905000000    70.8171910112     0.0067933146     0.0318461517     0.0415365169     0.0152268371     0.0206775393     0.0040440843    21.0477528090    30.3378651685   140.6551123596  1409.5056179775     0.1437506180     0.3695952809     0.4411145506     0.1792981461     0.3237460674     0.0911570787     2.8960674157  ]
