y_range =  124.0000000000
y_mu    =   47.1629213483
X_range = [  16.2700000000    28.9000000000   110.2000000000  1888.4000000000     0.0697300000     0.2653500000     0.4028200000     0.1808900000     0.1732000000     0.0470000000     1.6252000000     3.1409000000    12.1270000000   302.0100000000     0.0284630000     0.1280530000     0.1328600000     0.0340960000     0.0525280000     0.0114730000    22.2900000000    32.8700000000   147.1000000000  3394.9000000000     0.1406900000     1.0066900000     1.1460200000     0.2613100000     0.5073000000     0.1524600000     9.6000000000  ]
X_mu    = [  17.5129213483    22.3519662921   115.5874719101   981.7500000000     0.1025100000     0.1436150562     0.1578740449     0.0876583146     0.1929117978     0.0626438202     0.6164646067     1.2764365169     4.3563146067    72.3785955056     0.0067791124     0.0319584157     0.0413270787     0.0153706910     0.0204882697     0.0040487640    21.1674157303    30.2243820225   141.4360674157  1425.6134831461     0.1436354494     0.3677638202     0.4388347753     0.1806417978     0.3221702247     0.0907150000     2.8550561798  ]
