y_range =  124.0000000000
y_mu    =   46.2584269663
X_range = [  16.2700000000    28.9000000000   110.2000000000  1888.4000000000     0.0675300000     0.2653500000     0.3310500000     0.1709900000     0.1732000000     0.0470000000     1.6252000000     3.1409000000    12.1270000000   302.0100000000     0.0284630000     0.1280530000     0.1328600000     0.0340960000     0.0504630000     0.0114730000    22.2900000000    32.5000000000   147.1000000000  3394.9000000000     0.1406900000     0.9782600000     1.1088000000     0.2245500000     0.5035000000     0.1510600000     9.6000000000  ]
X_mu    = [  17.4415730337    22.3938202247   115.1026404494   973.6292134831     0.1024312360     0.1436167416     0.1573435393     0.0872089888     0.1929191011     0.0626369663     0.5982258427     1.2471938202     4.2311292135    69.5579213483     0.0066770281     0.0311996517     0.0408144382     0.0151552697     0.0205102640     0.0039472135    21.0965730337    30.2740449438   140.9338202247  1414.6696629213     0.1440552809     0.3692384831     0.4429034270     0.1804284270     0.3252213483     0.0907611236     2.8067415730  ]
