y_range =  124.0000000000
y_mu    =   45.7022471910
X_range = [  16.2700000000    27.3900000000   110.2000000000  1888.4000000000     0.0687800000     0.2600900000     0.4028200000     0.1808900000     0.1732000000     0.0471900000     1.6252000000     3.1409000000    12.1270000000   302.0100000000     0.0283040000     0.1280530000     0.1328600000     0.0340960000     0.0525280000     0.0114730000    22.2900000000    32.8700000000   147.1000000000  3394.9000000000     0.1364900000     1.0066900000     1.1460200000     0.2613100000     0.5073000000     0.1524600000     9.6000000000  ]
X_mu    = [  17.4594943820    22.4173033708   115.1393258427   975.4876404494     0.1026169101     0.1420094944     0.1558040449     0.0868938764     0.1921011236     0.0625284270     0.6055471910     1.2832410112     4.2575337079    70.7478651685     0.0067904775     0.0310892135     0.0407506180     0.0151785787     0.0205583258     0.0039721573    21.0481460674    30.3255056180   140.3514606742  1409.7016853933     0.1437141011     0.3614691011     0.4322285955     0.1790484831     0.3210679775     0.0903371348     2.8140449438  ]
