y_range =  122.0000000000
y_mu    =   47.1629213483
X_range = [  16.2700000000    28.9000000000   110.2000000000  1888.4000000000     0.0697300000     0.2653500000     0.4028200000     0.1808900000     0.1732000000     0.0319900000     1.6252000000     2.7579000000    12.1270000000   302.0100000000     0.0284630000     0.1280530000     0.1328600000     0.0340960000     0.0483980000     0.0114730000    22.2900000000    32.5000000000   144.9800000000  3394.9000000000     0.1406900000     1.0066900000     1.1460200000     0.2613100000     0.4209000000     0.1524600000     9.6000000000  ]
X_mu    = [  17.4152247191    22.3639325843   114.8960674157   970.8646067416     0.1025288202     0.1428598315     0.1564096629     0.0867960674     0.1920977528     0.0627127528     0.5978893258     1.2653337079     4.2275898876    69.9423033708     0.0066977584     0.0314886404     0.0409041011     0.0150708315     0.0201523708     0.0039844326    21.0248876404    30.3364606742   140.3937640449  1408.0505617978     0.1436905056     0.3679315730     0.4416875843     0.1793042135     0.3222101124     0.0910226404     2.8376404494  ]
