y_range =  124.0000000000
y_mu    =   47.3764044944
X_range = [  16.2700000000    28.9000000000   110.2000000000  1888.4000000000     0.0697300000     0.2600900000     0.4028200000     0.1808900000     0.1732000000     0.0471900000     1.6252000000     3.0541000000    11.9460000000   239.8100000000     0.0284630000     0.1280530000     0.1328600000     0.0340960000     0.0525280000     0.0114730000    20.2900000000    32.8700000000   144.2000000000  2923.9000000000     0.1406900000     1.0066900000     1.0810200000     0.2613100000     0.5073000000     0.1524600000     9.6000000000  ]
X_mu    = [  17.4265168539    22.2972471910   114.9630898876   969.8269662921     0.1030229775     0.1440291573     0.1573052247     0.0872775843     0.1931348315     0.0628461236     0.6025303371     1.2879825843     4.2477078652    69.6821910112     0.0067865112     0.0315779775     0.0411817978     0.0151309213     0.0205220899     0.0040408820    21.0257865169    30.2617977528   140.3872471910  1401.4921348315     0.1441421910     0.3673825843     0.4383342135     0.1794426966     0.3240426966     0.0910107865     2.8629213483  ]
