y_range =  124.0000000000
y_mu    =   48.1235955056
X_range = [  14.7800000000    28.9000000000   102.3000000000  1638.9000000000     0.0687800000     0.2653500000     0.4028200000     0.1741600000     0.1732000000     0.0471900000     1.5362000000     3.1409000000    10.4070000000   301.5100000000     0.0283040000     0.1280530000     0.1328600000     0.0340960000     0.0525280000     0.0114730000    22.2900000000    32.8700000000   147.1000000000  3389.0000000000     0.1406900000     1.0066900000     1.1460200000     0.2613100000     0.5073000000     0.1524600000     9.6000000000  ]
X_mu    = [  17.3286516854    22.3315168539   114.2452808989   958.4668539326     0.1029726404     0.1422402247     0.1550911236     0.0864878652     0.1923050562     0.0627903933     0.6024056180     1.2785443820     4.2284494382    69.7093820225     0.0068394045     0.0314103371     0.0406496067     0.0151478427     0.0206194888     0.0040366629    20.9326404494    30.2125280899   139.5337078652  1391.1825842697     0.1444938764     0.3634340449     0.4335375843     0.1781055056     0.3224455056     0.0910488202     2.8022471910  ]
