y_range =  124.0000000000
y_mu    =   48.1910112360
X_range = [  16.2700000000    28.9000000000   110.2000000000  1888.4000000000     0.0665800000     0.2653500000     0.3339200000     0.1709900000     0.1732000000     0.0471900000     1.6252000000     3.1409000000    12.1270000000   239.8100000000     0.0283040000     0.1280530000     0.1328600000     0.0340960000     0.0525280000     0.0114730000    20.2900000000    32.8700000000   144.2000000000  2923.9000000000     0.1406900000     1.0066900000     1.1460200000     0.2613100000     0.5073000000     0.1524600000     9.6000000000  ]
X_mu    = [  17.3932022472    22.3970786517   114.6988202247   967.6404494382     0.1028064045     0.1420283146     0.1562123596     0.0870360674     0.1922651685     0.0627862921     0.5997859551     1.2866140449     4.2310168539    69.1492134831     0.0067778090     0.0308873034     0.0404823596     0.0152034831     0.0205679888     0.0040008371    20.9591573034    30.3955056180   139.8615730337  1394.7061797753     0.1438758989     0.3616525843     0.4327280337     0.1778251685     0.3206837079     0.0907241573     2.8404494382  ]
