y_range =  124.0000000000
y_mu    =   46.3539325843
X_range = [  16.2700000000    28.9000000000   110.2000000000  1888.4000000000     0.0697300000     0.2653500000     0.4028200000     0.1808900000     0.1732000000     0.0471900000     1.6252000000     3.0541000000    12.1270000000   302.0100000000     0.0284630000     0.1280530000     0.1328600000     0.0340960000     0.0525280000     0.0114730000    22.2900000000    32.5000000000   147.1000000000  3394.9000000000     0.1406900000     0.8865900000     1.1460200000     0.2613100000     0.5073000000     0.1179600000     9.6000000000  ]
X_mu    = [  17.4726966292    22.3715168539   115.2511797753   976.3264044944     0.1026212360     0.1425275843     0.1579010674     0.0875111798     0.1927601124     0.0625724719     0.6106089888     1.2731280899     4.3083707865    71.3568539326     0.0067535674     0.0311646067     0.0412105618     0.0152121629     0.0206489438     0.0039495787    21.0655056180    30.2201123596   140.7055056180  1410.9494382022     0.1431107303     0.3624323596     0.4381319663     0.1795553371     0.3228162921     0.0898714045     2.8634831461  ]
