y_range =  124.0000000000
y_mu    =   46.3820224719
X_range = [  16.2700000000    28.9000000000   110.2000000000  1888.4000000000     0.0697300000     0.2406500000     0.4028200000     0.1808900000     0.1732000000     0.0321800000     1.6252000000     3.0541000000    12.1270000000   302.0100000000     0.0284630000     0.1280530000     0.1328600000     0.0340960000     0.0525280000     0.0114730000    22.2900000000    32.5000000000   147.1000000000  3394.9000000000     0.1406900000     1.0066900000     1.1460200000     0.2613100000     0.4209000000     0.1524600000     9.6000000000  ]
X_mu    = [  17.3853932584    22.1600000000   114.6782584270   967.8803370787     0.1027085955     0.1425103933     0.1560246629     0.0866434831     0.1925696629     0.0626890449     0.5996348315     1.2539202247     4.2363258427    70.2086516854     0.0067622865     0.0313878652     0.0408867978     0.0151667472     0.0202884944     0.0040129326    20.9928089888    30.0443258427   140.2072471910  1403.6522471910     0.1441118539     0.3665508989     0.4393757865     0.1796435393     0.3225533708     0.0910363483     2.9005617978  ]
