y_range =  122.0000000000
y_mu    =   46.5449438202
X_range = [  16.2700000000    28.9000000000   110.2000000000  1888.4000000000     0.0697300000     0.2653500000     0.4028200000     0.1808900000     0.1732000000     0.0471900000     1.6252000000     3.1409000000    12.1270000000   302.0100000000     0.0284630000     0.1280530000     0.1328600000     0.0340960000     0.0525280000     0.0114730000    22.2900000000    32.5000000000   147.1000000000  3394.9000000000     0.1406900000     1.0066900000     1.1460200000     0.2613100000     0.5073000000     0.1524600000     9.6000000000  ]
X_mu    = [  17.5291573034    22.2911797753   115.6612921348   982.3578651685     0.1025332022     0.1437092697     0.1581137640     0.0878560674     0.1932466292     0.0627143820     0.6112550562     1.2649573034     4.3183426966    71.5463483146     0.0066811067     0.0314185393     0.0411714607     0.0151703933     0.0208826910     0.0039800337    21.1634269663    30.0998314607   141.3759550562  1422.4213483146     0.1432174719     0.3661671910     0.4404898315     0.1797704494     0.3250994382     0.0905791573     2.7977528090  ]
