y_range =  124.0000000000
y_mu    =   46.8764044944
X_range = [  16.2700000000    28.9000000000   110.2000000000  1888.4000000000     0.0697300000     0.2653500000     0.4028200000     0.1808900000     0.1732000000     0.0471900000     1.6252000000     3.1409000000    12.1270000000   302.0100000000     0.0284630000     0.1280530000     0.1328600000     0.0340960000     0.0525280000     0.0114730000    22.2900000000    32.8700000000   147.1000000000  3394.9000000000     0.1406900000     1.0066900000     1.1460200000     0.2613100000     0.5073000000     0.1524600000     9.6000000000  ]
X_mu    = [  17.3953932584    22.2355056180   114.7782584270   969.8269662921     0.1026115730     0.1436742135     0.1557682584     0.0866233708     0.1924426966     0.0628589888     0.6059106742     1.2418837079     4.2737696629    70.9535955056     0.0066670899     0.0313601124     0.0401293820     0.0149076629     0.0200654045     0.0040201067    21.0637078652    30.0809550562   140.6664044944  1414.5646067416     0.1442309551     0.3716346067     0.4390055618     0.1794985393     0.3230438202     0.0918315730     2.8932584270  ]
