y_range =  124.0000000000
y_mu    =   46.3483146067
X_range = [  16.2700000000    28.9000000000   110.2000000000  1888.4000000000     0.0697300000     0.2600900000     0.4028200000     0.1808900000     0.1732000000     0.0471900000     1.6136000000     3.1409000000    11.9360000000   302.0100000000     0.0284630000     0.1280530000     0.1328600000     0.0340960000     0.0525280000     0.0114730000    22.2900000000    32.8700000000   147.1000000000  3394.9000000000     0.1406900000     0.8865900000     1.1460200000     0.2613100000     0.5073000000     0.1179600000     9.6000000000  ]
X_mu    = [  17.4382584270    22.3539887640   115.0286516854   971.5241573034     0.1028838764     0.1430847191     0.1570817416     0.0874674719     0.1933898876     0.0628156742     0.6121264045     1.2878230337     4.3177359551    71.0167415730     0.0068664944     0.0314767416     0.0412415169     0.0153959831     0.0208843371     0.0040472640    20.9996629213    30.1589325843   140.2567977528  1399.6404494382     0.1435725281     0.3598488764     0.4332151124     0.1789101124     0.3217544944     0.0904001685     2.8325842697  ]
