y_range =  124.0000000000
y_mu    =   46.3258426966
X_range = [  16.2700000000    27.3900000000   110.2000000000  1888.4000000000     0.0687800000     0.2653500000     0.4028200000     0.1808900000     0.1370000000     0.0471900000     1.6252000000     3.0541000000    12.1270000000   302.0100000000     0.0283040000     0.1280530000     0.1328600000     0.0340960000     0.0525280000     0.0114730000    22.2900000000    32.8700000000   147.1000000000  3394.9000000000     0.1406900000     1.0066900000     1.1460200000     0.2613100000     0.5073000000     0.1524600000     9.6000000000  ]
X_mu    = [  17.3987640449    22.4637078652   114.7533146067   968.1308988764     0.1024944382     0.1426874157     0.1561785393     0.0863484831     0.1924292135     0.0627003371     0.5990691011     1.2898938202     4.2245224719    69.3524157303     0.0067506798     0.0316661798     0.0415288202     0.0151816517     0.0206935506     0.0040216854    20.9275842697    30.4405056180   139.6368539326  1391.2337078652     0.1433691573     0.3666632584     0.4399718539     0.1781605618     0.3215685393     0.0910093820     2.8584269663  ]
