y_range =  124.0000000000
y_mu    =   46.8707865169
X_range = [  16.2700000000    28.9000000000   110.2000000000  1888.4000000000     0.0697300000     0.2653500000     0.4028200000     0.1808900000     0.1732000000     0.0471900000     1.5362000000     3.1409000000    10.4070000000   302.0100000000     0.0284630000     0.1280530000     0.1328600000     0.0340960000     0.0525280000     0.0112740000    22.2900000000    32.8700000000   147.1000000000  3394.9000000000     0.1406900000     1.0066900000     1.1460200000     0.2613100000     0.5073000000     0.1524600000     9.6000000000  ]
X_mu    = [  17.3510112360    22.1855617978   114.4812921348   963.6258426966     0.1032042697     0.1440057303     0.1579942135     0.0871968539     0.1941595506     0.0629366854     0.6008741573     1.2609887640     4.2355898876    69.6819662921     0.0068157921     0.0316035337     0.0411893258     0.0151530674     0.0208959101     0.0040303090    20.9247191011    29.9766853933   139.7851685393  1391.9297752809     0.1445421910     0.3680278652     0.4402684831     0.1790075843     0.3264516854     0.0912654494     2.8247191011  ]
