y_range =  124.0000000000
y_mu    =   45.6629213483
X_range = [  16.2700000000    23.4900000000   110.2000000000  1888.4000000000     0.0697300000     0.2653500000     0.4028200000     0.1808900000     0.1370000000     0.0471900000     1.6136000000     3.1409000000    12.1270000000   302.0100000000     0.0284630000     0.1280530000     0.1328600000     0.0340960000     0.0525280000     0.0114730000    22.2900000000    32.5000000000   147.1000000000  3394.9000000000     0.1406900000     0.8865900000     1.1460200000     0.2466100000     0.5073000000     0.1179600000     9.6000000000  ]
X_mu    = [  17.4376966292    22.2364044944   114.9735955056   974.4651685393     0.1027411798     0.1411939326     0.1559916292     0.0865008427     0.1923252809     0.0626123034     0.6115955056     1.2837078652     4.3070842697    71.4502808989     0.0068116629     0.0311270225     0.0407719101     0.0151329888     0.0209231573     0.0039711011    21.0393820225    30.1163483146   140.4219662921  1410.9629213483     0.1438236517     0.3584402247     0.4318381461     0.1773693820     0.3230657303     0.0900289326     2.7691011236  ]
