y_range =  124.0000000000
y_mu    =   47.3595505618
X_range = [  16.2700000000    28.9000000000   110.2000000000  1888.4000000000     0.0697300000     0.2653500000     0.4028200000     0.1808900000     0.1616000000     0.0471900000     1.6252000000     3.1409000000    12.1270000000   239.8100000000     0.0206630000     0.1280530000     0.1168600000     0.0292360000     0.0525280000     0.0106330000    20.2900000000    30.4900000000   144.2000000000  2923.9000000000     0.1406900000     1.0066900000     1.1460200000     0.2613100000     0.5073000000     0.1524600000     9.6000000000  ]
X_mu    = [  17.3220224719    22.2471910112   114.2785955056   960.0977528090     0.1031134270     0.1438475281     0.1578944382     0.0866983708     0.1942398876     0.0629024157     0.5995202247     1.2689808989     4.2199943820    69.1064044944     0.0067549607     0.0313804719     0.0410744944     0.0149169270     0.0208218258     0.0039692247    20.9468539326    30.2333707865   139.9014606742  1394.3938202247     0.1451026966     0.3705070787     0.4449538202     0.1792750000     0.3282803371     0.0914986517     2.8752808989  ]
