y_range =  122.0000000000
y_mu    =   46.9831460674
X_range = [  14.7800000000    28.9000000000   102.3000000000  1638.9000000000     0.0697300000     0.2653500000     0.3999500000     0.1808900000     0.1732000000     0.0471900000     1.6252000000     3.1409000000    12.1270000000   239.3100000000     0.0284630000     0.1280530000     0.1328600000     0.0340960000     0.0506270000     0.0114730000    20.2900000000    32.8700000000   144.2000000000  2918.0000000000     0.1406900000     0.9782600000     1.1088000000     0.2245500000     0.5035000000     0.1510600000     9.6000000000  ]
X_mu    = [  17.4350000000    22.2848876404   114.9990449438   970.3365168539     0.1026074719     0.1427008427     0.1567624157     0.0870394382     0.1924471910     0.0627025843     0.6030432584     1.2513640449     4.2346741573    70.0479213483     0.0068004551     0.0310067416     0.0406714045     0.0150327360     0.0205162360     0.0039966854    21.0470786517    30.0839887640   140.3715168539  1404.4471910112     0.1438906742     0.3614896067     0.4345444382     0.1788458427     0.3227724719     0.0907139326     2.8365168539  ]
