y_range =  122.0000000000
y_mu    =   46.3539325843
X_range = [  16.2700000000    28.9000000000   110.2000000000  1888.4000000000     0.0697300000     0.2653500000     0.3999500000     0.1808900000     0.1370000000     0.0471900000     1.6252000000     3.1409000000    12.1270000000   302.0100000000     0.0284630000     0.1280530000     0.1328600000     0.0340960000     0.0506270000     0.0114730000    22.2900000000    32.8700000000   147.1000000000  3394.9000000000     0.1406900000     0.9782600000     1.1088000000     0.2245500000     0.5035000000     0.1510600000     9.6000000000  ]
X_mu    = [  17.2023595506    22.1365730337   113.4014606742   946.6011235955     0.1027834270     0.1420345506     0.1539671348     0.0851616292     0.1931522472     0.0628575843     0.5907224719     1.2589494382     4.1471966292    68.0228089888     0.0067801854     0.0312777528     0.0408985955     0.0149815843     0.0208464607     0.0039801292    20.7344382022    30.0642696629   138.2871910112  1364.8426966292     0.1442653933     0.3666575843     0.4367427528     0.1774711236     0.3259707865     0.0913762921     2.7713483146  ]
