y_range =  122.0000000000
y_mu    =   45.9662921348
X_range = [  16.2700000000    23.4900000000   110.2000000000  1888.4000000000     0.0675300000     0.2653500000     0.3339200000     0.1709900000     0.1732000000     0.0471900000     1.6252000000     3.1409000000    12.1270000000   302.0100000000     0.0284630000     0.1269780000     0.1327900000     0.0340960000     0.0525280000     0.0114730000    22.2900000000    32.8700000000   147.1000000000  3394.9000000000     0.1406900000     1.0066900000     1.1460200000     0.2613100000     0.5073000000     0.1524600000     9.6000000000  ]
X_mu    = [  17.4472471910    22.1840449438   115.0964606742   974.0511235955     0.1028312360     0.1432582584     0.1572496067     0.0871771910     0.1929691011     0.0628032584     0.6034651685     1.2734640449     4.2729213483    70.3926966292     0.0067398202     0.0311797921     0.0408126966     0.0152153652     0.0203967921     0.0040238315    21.0389887640    30.0610112360   140.5917415730  1407.5719101124     0.1440742135     0.3653944382     0.4396325281     0.1791833146     0.3233028090     0.0911037640     2.8028089888  ]
