y_range =  124.0000000000
y_mu    =   46.2078651685
X_range = [  16.2700000000    28.9000000000   110.2000000000  1888.4000000000     0.0697300000     0.2653500000     0.4028200000     0.1808900000     0.1732000000     0.0471900000     1.6252000000     3.1409000000    12.1270000000   302.0100000000     0.0284630000     0.1280530000     0.1328600000     0.0340960000     0.0525280000     0.0114730000    22.2900000000    32.8700000000   144.9800000000  3394.9000000000     0.1406900000     1.0066900000     1.1460200000     0.2613100000     0.5073000000     0.1524600000     9.6000000000  ]
X_mu    = [  17.5102247191    22.4000000000   115.5439887640   980.5994382022     0.1023035955     0.1440186517     0.1565147191     0.0873465169     0.1928977528     0.0627265169     0.6066601124     1.2629921348     4.2965393258    70.8394943820     0.0068000056     0.0318234831     0.0410657303     0.0152965506     0.0208427079     0.0040406011    21.0779775281    30.1661235955   140.9149438202  1409.7365168539     0.1430472472     0.3683186517     0.4339224157     0.1791789326     0.3235483146     0.0908123596     2.7915730337  ]
