y_range =  124.0000000000
y_mu    =   47.6011235955
X_range = [  14.7800000000    23.4900000000   102.3000000000  1648.4000000000     0.0687800000     0.2653500000     0.4028200000     0.1808900000     0.1732000000     0.0471900000     1.6252000000     2.7579000000    12.1270000000   302.0100000000     0.0283040000     0.1269780000     0.1327900000     0.0340960000     0.0525280000     0.0114730000    22.2900000000    32.8700000000   147.1000000000  3394.9000000000     0.1406900000     1.0066900000     1.1460200000     0.2613100000     0.5073000000     0.1524600000     9.6000000000  ]
X_mu    = [  17.3638764045    22.2052808989   114.5764044944   964.8359550562     0.1026720787     0.1433647753     0.1565220225     0.0866705056     0.1927050562     0.0629212360     0.6019219101     1.2693247191     4.2613595506    70.1508988764     0.0068733596     0.0314751854     0.0411780899     0.0152267528     0.0207079326     0.0040352303    20.9303932584    30.1157303371   139.9256179775  1394.1983146067     0.1443174719     0.3655287079     0.4388915169     0.1788351685     0.3233719101     0.0911195506     2.8106741573  ]
