y_range =  124.0000000000
y_mu    =   45.7134831461
X_range = [  16.2700000000    28.9000000000   110.2000000000  1888.4000000000     0.0697300000     0.2653500000     0.4028200000     0.1808900000     0.1732000000     0.0471900000     1.6252000000     3.1409000000    12.1270000000   302.0100000000     0.0284630000     0.1269780000     0.1327900000     0.0340960000     0.0525280000     0.0114730000    22.2900000000    32.8700000000   147.1000000000  3394.9000000000     0.1406900000     1.0066900000     1.1460200000     0.2613100000     0.5073000000     0.1524600000     9.6000000000  ]
X_mu    = [  17.4802808989    22.3932022472   115.2633707865   977.7348314607     0.1024626966     0.1413082022     0.1559074157     0.0867606742     0.1916876404     0.0623853933     0.6053662921     1.2781421348     4.2596910112    70.9078089888     0.0067649944     0.0309461966     0.0404130899     0.0150215562     0.0200264157     0.0039557079    21.1208426966    30.3402247191   140.8990449438  1419.3730337079     0.1437691573     0.3635809551     0.4354847753     0.1788029775     0.3204893258     0.0902489888     2.8421348315  ]
