y_range =  124.0000000000
y_mu    =   47.1966292135
X_range = [  14.7800000000    28.9000000000   102.3000000000  1648.4000000000     0.0697300000     0.2653500000     0.4028200000     0.1808900000     0.1732000000     0.0321800000     1.6252000000     3.1409000000    12.1270000000   302.0100000000     0.0284630000     0.1280530000     0.1328600000     0.0340960000     0.0525280000     0.0112740000    22.2900000000    32.8700000000   147.1000000000  3394.9000000000     0.1364900000     1.0066900000     1.1460200000     0.2613100000     0.4209000000     0.1524600000     9.6000000000  ]
X_mu    = [  17.3379213483    22.2909550562   114.3626966292   960.7960674157     0.1024764607     0.1422232022     0.1553123596     0.0860761798     0.1924910112     0.0627095506     0.6023747191     1.2512353933     4.2540168539    70.2610112360     0.0067751966     0.0310354438     0.0407630337     0.0150869944     0.0203488315     0.0039989944    20.8946629213    30.0896629213   139.6746629213  1388.0573033708     0.1434112921     0.3630919101     0.4349196067     0.1777025281     0.3214410112     0.0908535393     2.7589887640  ]
