y_range =  124.0000000000
y_mu    =   46.6460674157
X_range = [  16.2700000000    28.9000000000   110.2000000000  1888.4000000000     0.0697300000     0.2653500000     0.4028200000     0.1808900000     0.1732000000     0.0471900000     1.6252000000     2.7579000000    12.1270000000   302.0100000000     0.0284630000     0.1280530000     0.1328600000     0.0340960000     0.0517480000     0.0114730000    22.2900000000    32.8700000000   147.1000000000  3394.9000000000     0.1406900000     0.8865900000     1.1460200000     0.2613100000     0.5073000000     0.1179600000     9.6000000000  ]
X_mu    = [  17.3703370787    22.4060674157   114.5280898876   965.3331460674     0.1017225843     0.1413239326     0.1520001124     0.0849426966     0.1920730337     0.0625602247     0.5991191011     1.2489910112     4.2300449438    69.3718539326     0.0067266124     0.0311113483     0.0398355056     0.0149692079     0.0203154607     0.0039489382    20.9655056180    30.2138202247   140.0006179775  1396.1337078652     0.1430247753     0.3636025843     0.4273926404     0.1768283708     0.3217432584     0.0903520225     2.8404494382  ]
