y_range =  124.0000000000
y_mu    =   46.9101123596
X_range = [  16.2700000000    21.9800000000   110.2000000000  1888.4000000000     0.0697300000     0.2653500000     0.3957000000     0.1808900000     0.1732000000     0.0471900000     1.6252000000     3.1409000000    12.1270000000   302.0100000000     0.0284630000     0.1280530000     0.1328600000     0.0340960000     0.0506270000     0.0114730000    22.2900000000    32.8700000000   144.9800000000  3394.9000000000     0.1406900000     0.9605500000     1.0879900000     0.2245500000     0.5035000000     0.1510600000     9.6000000000  ]
X_mu    = [  17.6228089888    22.2321910112   116.2694382022   993.1808988764     0.1027409551     0.1434760112     0.1587735393     0.0884659551     0.1930662921     0.0625125281     0.6113202247     1.2559696629     4.3046966292    72.0564044944     0.0068162416     0.0312697191     0.0411964045     0.0152104775     0.0209253933     0.0040008202    21.2950561798    30.0293258427   142.1448314607  1439.9073033708     0.1439732584     0.3643758989     0.4387320787     0.1803789326     0.3244134831     0.0905197191     2.7674157303  ]
