y_range =  124.0000000000
y_mu    =   47.1067415730
X_range = [  16.2700000000    28.9000000000   110.2000000000  1888.4000000000     0.0648300000     0.2653500000     0.3339200000     0.1709900000     0.1732000000     0.0321800000     1.6252000000     3.1409000000    12.1270000000   302.0100000000     0.0284630000     0.0932530000     0.1328600000     0.0340960000     0.0483980000     0.0114730000    22.2900000000    32.8700000000   147.1000000000  3394.9000000000     0.1364900000     1.0066900000     1.1460200000     0.2613100000     0.4209000000     0.1524600000     9.6000000000  ]
X_mu    = [  17.4448876404    22.3864606742   114.9884269663   974.5056179775     0.1018018539     0.1390879775     0.1522397753     0.0857115169     0.1907730337     0.0622614607     0.6048904494     1.2648943820     4.2905561798    70.2348876404     0.0066572135     0.0298791011     0.0393410674     0.0150805955     0.0197550674     0.0038698090    21.0445505618    30.2369101124   140.5578089888  1409.1769662921     0.1424511798     0.3555902247     0.4265999438     0.1775278090     0.3172926966     0.0898778652     2.8460674157  ]
