y_range =  124.0000000000
y_mu    =   46.6179775281
X_range = [  16.2700000000    28.9000000000   110.2000000000  1888.4000000000     0.0697300000     0.2653500000     0.4028200000     0.1781300000     0.1732000000     0.0471900000     1.6252000000     3.1409000000    12.1270000000   302.0100000000     0.0284630000     0.1280530000     0.1328600000     0.0340960000     0.0525280000     0.0114730000    22.2900000000    32.8700000000   147.1000000000  3394.9000000000     0.1406900000     0.8865900000     1.1460200000     0.2613100000     0.5073000000     0.1179600000     9.6000000000  ]
X_mu    = [  17.5830337079    22.1413483146   116.0253932584   988.1943820225     0.1029662921     0.1443051685     0.1591542135     0.0887064607     0.1935264045     0.0627115169     0.6155915730     1.2573426966     4.3295674157    72.0716853933     0.0067868090     0.0314278090     0.0412277528     0.0152318539     0.0206977079     0.0040276629    21.2069101124    29.8590449438   141.6862921348  1427.5314606742     0.1440590449     0.3656986517     0.4385252247     0.1800693820     0.3235522472     0.0905955618     2.8887640449  ]
