y_range =  124.0000000000
y_mu    =   46.8707865169
X_range = [  16.2700000000    28.9000000000   110.2000000000  1888.4000000000     0.0697300000     0.2653500000     0.4028200000     0.1808900000     0.1347000000     0.0471900000     1.6252000000     3.1409000000    11.9460000000   302.0100000000     0.0284630000     0.1280530000     0.1328600000     0.0340960000     0.0525280000     0.0114730000    22.2900000000    32.8700000000   147.1000000000  3394.9000000000     0.1406900000     1.0066900000     1.1460200000     0.2613100000     0.5073000000     0.1524600000     9.6000000000  ]
X_mu    = [  17.5526966292    22.3965168539   115.8247191011   985.2511235955     0.1024873596     0.1434729213     0.1582011798     0.0875934831     0.1921634831     0.0626929213     0.5991983146     1.2662926966     4.2444887640    70.3357303371     0.0067429551     0.0315932584     0.0408111236     0.0149941348     0.0203541124     0.0040127753    21.1451685393    30.2501123596   141.3007303371  1420.8224719101     0.1435242135     0.3695155056     0.4401066854     0.1789761236     0.3231376404     0.0910285955     2.9191011236  ]
