y_range =  124.0000000000
y_mu    =   46.7921348315
X_range = [  16.2700000000    28.9000000000   110.2000000000  1888.4000000000     0.0658500000     0.2653500000     0.4028200000     0.1808900000     0.1732000000     0.0471900000     1.6252000000     3.1409000000    12.1270000000   302.0100000000     0.0282410000     0.1280530000     0.1328600000     0.0332610000     0.0525280000     0.0112740000    22.2900000000    32.8700000000   147.1000000000  3394.9000000000     0.1298700000     1.0066900000     1.1460200000     0.2613100000     0.5073000000     0.1524600000     9.6000000000  ]
X_mu    = [  17.4039325843    22.2259550562   114.8241011236   969.6758426966     0.1031314045     0.1432355618     0.1581824157     0.0874572472     0.1930651685     0.0627747191     0.6021617978     1.2691398876     4.2438651685    70.1392696629     0.0068245955     0.0311376629     0.0411910112     0.0151210000     0.0205831404     0.0039915112    21.0303370787    30.1185393258   140.5037078652  1407.7415730337     0.1449084270     0.3677638202     0.4436252247     0.1802787640     0.3239702247     0.0912050562     2.7702247191  ]
