y_range =  124.0000000000
y_mu    =   45.9550561798
X_range = [  16.2700000000    28.9000000000   110.2000000000  1888.4000000000     0.0697300000     0.2406500000     0.4028200000     0.1808900000     0.1347000000     0.0321800000     1.6252000000     3.1409000000    12.1270000000   302.0100000000     0.0284630000     0.1280530000     0.1328600000     0.0340960000     0.0525280000     0.0114730000    22.2900000000    32.8700000000   147.1000000000  3394.9000000000     0.1364900000     1.0066900000     1.1460200000     0.2613100000     0.3993000000     0.1524600000     9.6000000000  ]
X_mu    = [  17.4198314607    22.2825280899   114.8019662921   970.9634831461     0.1021033146     0.1393791011     0.1521858989     0.0851625281     0.1905404494     0.0622436517     0.5925910112     1.2427095506     4.1523314607    69.5929213483     0.0067318652     0.0304588202     0.0396559551     0.0148063933     0.0199563596     0.0039089213    21.0182022472    30.0758426966   140.0070786517  1407.8331460674     0.1435994944     0.3591424719     0.4283797191     0.1768985955     0.3194466292     0.0902421910     2.8415730337  ]
