y_range =  124.0000000000
y_mu    =   46.8820224719
X_range = [  16.2700000000    28.9000000000   110.2000000000  1888.4000000000     0.0697300000     0.2653500000     0.4028200000     0.1808900000     0.1732000000     0.0471900000     1.6252000000     3.1409000000    12.1270000000   302.0100000000     0.0284630000     0.0932530000     0.1328600000     0.0340960000     0.0525280000     0.0114730000    22.2900000000    32.8700000000   147.1000000000  3394.9000000000     0.1364900000     1.0066900000     1.1460200000     0.2613100000     0.5073000000     0.1524600000     9.6000000000  ]
X_mu    = [  17.3968539326    22.1492134831   114.7292696629   968.4539325843     0.1024520225     0.1420684831     0.1561784831     0.0863812360     0.1932494382     0.0626751124     0.6119938202     1.2542117978     4.3068707865    71.0620224719     0.0067958202     0.0307263539     0.0411502247     0.0152741461     0.0206156854     0.0039508034    20.9846067416    29.8758988764   140.0475280899  1399.6443820225     0.1433725281     0.3596705618     0.4352729775     0.1784292135     0.3225691011     0.0903576404     2.8258426966  ]
