y_range =  124.0000000000
y_mu    =   45.8539325843
X_range = [  16.2700000000    28.9000000000   110.2000000000  1878.9000000000     0.0697300000     0.2600900000     0.4028200000     0.1808900000     0.1732000000     0.0471900000     1.5362000000     3.1409000000    10.4070000000   301.5100000000     0.0284630000     0.1280530000     0.1328600000     0.0340960000     0.0525280000     0.0112740000    22.2900000000    32.8700000000   144.9800000000  3389.0000000000     0.1406900000     1.0066900000     1.1460200000     0.2613100000     0.5073000000     0.1524600000     9.6000000000  ]
X_mu    = [  17.5176404494    22.2916292135   115.5515168539   980.6331460674     0.1027279213     0.1428107303     0.1566728652     0.0876056180     0.1930196629     0.0626245506     0.6090752809     1.2599393258     4.3001292135    71.2681460674     0.0067327191     0.0311192079     0.0407624719     0.0151616292     0.0203561910     0.0040268933    21.1797752809    30.1604494382   141.4016853933  1424.1713483146     0.1436287079     0.3622576404     0.4344055618     0.1796000000     0.3226904494     0.0908992135     2.8275280899  ]
