y_range =  122.0000000000
y_mu    =   45.8202247191
X_range = [  16.2700000000    27.3900000000   110.2000000000  1888.4000000000     0.0687800000     0.2653500000     0.4028200000     0.1738100000     0.1616000000     0.0471900000     1.6136000000     3.1409000000    12.1270000000   302.0100000000     0.0205040000     0.1280530000     0.1168600000     0.0314260000     0.0525280000     0.0106330000    22.2900000000    32.8700000000   147.1000000000  3394.9000000000     0.1406900000     1.0066900000     1.0810200000     0.2613100000     0.5073000000     0.1524600000     9.6000000000  ]
X_mu    = [  17.5963483146    22.3898876404   116.0584269663   990.5207865169     0.1027541573     0.1426601124     0.1571698315     0.0881142135     0.1928398876     0.0625630899     0.6184971910     1.2855264045     4.3518426966    72.5444943820     0.0066933708     0.0309650000     0.0404479775     0.0151672303     0.0208083258     0.0039378427    21.2514606742    30.3010674157   141.7826966292  1435.3382022472     0.1439287079     0.3614503371     0.4330117416     0.1798402809     0.3224955056     0.0903012360     2.8859550562  ]
