y_range =  124.0000000000
y_mu    =   45.2640449438
X_range = [  16.2700000000    28.9000000000   110.2000000000  1888.4000000000     0.0697300000     0.2600900000     0.4028200000     0.1808900000     0.1732000000     0.0471900000     1.6252000000     3.1409000000    12.1270000000   302.0100000000     0.0284630000     0.1280530000     0.1328600000     0.0340960000     0.0525280000     0.0114730000    22.2900000000    32.8700000000   147.1000000000  3394.9000000000     0.1406900000     1.0066900000     1.1460200000     0.2613100000     0.5073000000     0.1524600000     9.6000000000  ]
X_mu    = [  17.5793258427    22.4338202247   116.0056741573   989.2955056180     0.1023774719     0.1431370787     0.1589828090     0.0877773596     0.1921713483     0.0624984270     0.6112713483     1.2551466292     4.3016797753    72.2108988764     0.0067693034     0.0312779775     0.0414043820     0.0150916742     0.0202246742     0.0039610169    21.2564606742    30.2890449438   141.9253932584  1438.1241573034     0.1439910674     0.3667460674     0.4431387079     0.1795521910     0.3211050562     0.0904103933     2.9028089888  ]
