y_range =  124.0000000000
y_mu    =   46.8820224719
X_range = [  16.2700000000    28.9000000000   110.2000000000  1888.4000000000     0.0687800000     0.2406500000     0.3999500000     0.1808900000     0.1732000000     0.0471900000     1.6252000000     3.1409000000    12.1270000000   302.0100000000     0.0283040000     0.1280530000     0.1328600000     0.0340960000     0.0506270000     0.0112740000    22.2900000000    32.5000000000   147.1000000000  3394.9000000000     0.1364900000     0.9782600000     1.0438000000     0.2245500000     0.5035000000     0.1510600000     9.6000000000  ]
X_mu    = [  17.4612359551    22.2470786517   115.1816853933   975.4140449438     0.1028553933     0.1433158427     0.1576710674     0.0877473034     0.1928853933     0.0626784270     0.5940410112     1.2593797753     4.1873370787    69.5217415730     0.0067284382     0.0314201067     0.0407983708     0.0150810169     0.0206612360     0.0040042303    21.0434269663    30.1224719101   140.4394382022  1408.9853932584     0.1442339326     0.3668019663     0.4369989326     0.1803561236     0.3232432584     0.0909947191     2.8528089888  ]
