y_range =  124.0000000000
y_mu    =   46.8202247191
X_range = [  16.2700000000    28.9000000000   110.2000000000  1888.4000000000     0.0697300000     0.2653500000     0.4028200000     0.1808900000     0.1732000000     0.0471900000     1.6252000000     3.1409000000    12.1270000000   302.0100000000     0.0284630000     0.1280530000     0.1328600000     0.0340960000     0.0525280000     0.0114730000    22.2900000000    32.8700000000   147.1000000000  3394.9000000000     0.1406900000     1.0066900000     1.1460200000     0.2613100000     0.5073000000     0.1524600000     9.6000000000  ]
X_mu    = [  17.3725842697    22.3758426966   114.5019101124   966.2573033708     0.1023708427     0.1404942697     0.1530683146     0.0856816292     0.1922134831     0.0624362921     0.5956264045     1.2727129213     4.1888820225    69.5382584270     0.0067136629     0.0305633708     0.0399056742     0.0148090730     0.0202728202     0.0038831236    20.9724719101    30.3388202247   139.7351685393  1400.3247191011     0.1437124157     0.3609767416     0.4302106180     0.1765783708     0.3231303371     0.0900763483     2.8657303371  ]
