y_range =  124.0000000000
y_mu    =   46.6853932584
X_range = [  16.2700000000    28.9000000000   110.2000000000  1888.4000000000     0.0697300000     0.2653500000     0.4028200000     0.1781300000     0.1732000000     0.0471900000     1.6252000000     3.1409000000    12.1270000000   302.0100000000     0.0284630000     0.1280530000     0.1328600000     0.0340960000     0.0525280000     0.0114730000    22.2900000000    32.5000000000   147.1000000000  3394.9000000000     0.1406900000     1.0066900000     1.1460200000     0.2613100000     0.5073000000     0.1524600000     9.6000000000  ]
X_mu    = [  17.4030337079    22.3308988764   114.8070224719   969.6842696629     0.1027541011     0.1436916854     0.1559819663     0.0865256180     0.1933426966     0.0629423596     0.6029050562     1.2752398876     4.2517921348    70.3495505618     0.0066037472     0.0312282022     0.0403802809     0.0148175337     0.0203113034     0.0040093146    21.0734831461    30.3997191011   140.7362921348  1412.1000000000     0.1443056742     0.3712503371     0.4408117416     0.1790014045     0.3257640449     0.0919393820     2.8730337079  ]
