y_range =  124.0000000000
y_mu    =   46.4325842697
X_range = [  16.2700000000    28.9000000000   110.2000000000  1878.9000000000     0.0675300000     0.2653500000     0.3339200000     0.1709900000     0.1732000000     0.0471900000     1.6252000000     3.1409000000    12.1270000000   301.5100000000     0.0284630000     0.1280530000     0.1328600000     0.0340960000     0.0517480000     0.0114730000    22.2900000000    32.8700000000   144.9800000000  3389.0000000000     0.1406900000     1.0066900000     1.1460200000     0.2613100000     0.5073000000     0.1524600000     9.6000000000  ]
X_mu    = [  17.4012359551    22.5184831461   114.7452808989   968.7016853933     0.1020657865     0.1414039888     0.1543825281     0.0856864607     0.1921528090     0.0624746629     0.5979308989     1.2662511236     4.2328146067    69.2469662921     0.0067076854     0.0309850000     0.0405564607     0.0150237584     0.0204090000     0.0039189270    21.0126404494    30.4456741573   140.2646067416  1403.2174157303     0.1434933146     0.3647450562     0.4366454494     0.1778025281     0.3241084270     0.0904611798     2.8258426966  ]
