y_range =  124.0000000000
y_mu    =   47.9719101124
X_range = [  16.2700000000    28.9000000000   110.2000000000  1888.4000000000     0.0697300000     0.2653500000     0.4028200000     0.1808900000     0.1612000000     0.0471900000     1.6252000000     3.1409000000    12.1270000000   302.0100000000     0.0206630000     0.1280530000     0.1168600000     0.0314260000     0.0525280000     0.0106330000    22.2900000000    32.8700000000   147.1000000000  3394.9000000000     0.1406900000     1.0066900000     1.0810200000     0.2443100000     0.5073000000     0.1524600000     9.6000000000  ]
X_mu    = [  17.3922471910    22.0838764045   114.7048314607   968.5786516854     0.1024685955     0.1415796067     0.1559665169     0.0867258427     0.1932252809     0.0626053371     0.6121264045     1.2610966292     4.3180337079    71.1289887640     0.0067175056     0.0309125843     0.0403243820     0.0150808708     0.0208677472     0.0039594719    20.9540449438    29.7587078652   139.8649438202  1395.5646067416     0.1436551124     0.3592385393     0.4303021910     0.1774828652     0.3233691011     0.0902730899     2.7752808989  ]
