y_range =  124.0000000000
y_mu    =   45.8370786517
X_range = [  15.8000000000    28.9000000000   107.1000000000  1863.9000000000     0.0697300000     0.2653500000     0.4028200000     0.1808900000     0.1616000000     0.0471900000     1.6252000000     3.1409000000    11.9460000000   301.5100000000     0.0206630000     0.1269780000     0.1167900000     0.0313030000     0.0525280000     0.0106330000    21.7700000000    32.8700000000   147.1000000000  3349.4000000000     0.1406900000     1.0066900000     1.1460200000     0.2466100000     0.5073000000     0.1524600000     9.6000000000  ]
X_mu    = [  17.5607303371    22.3589887640   115.8562921348   986.3960674157     0.1024247753     0.1423339326     0.1569705618     0.0875637079     0.1927488764     0.0623470225     0.6171977528     1.2771022472     4.3454157303    72.0339887640     0.0067103933     0.0311372360     0.0404924157     0.0151989775     0.0209086067     0.0039486685    21.2184831461    30.1647191011   141.6678651685  1429.4106741573     0.1434427528     0.3623067978     0.4334578090     0.1793828652     0.3232780899     0.0900694944     2.8735955056  ]
