y_range =  124.0000000000
y_mu    =   45.1404494382
X_range = [  16.2700000000    23.1800000000   110.2000000000  1888.4000000000     0.0697300000     0.2406500000     0.4028200000     0.1808900000     0.1732000000     0.0471900000     1.5246000000     3.1409000000    10.4070000000   302.0100000000     0.0284630000     0.1280530000     0.1328600000     0.0340960000     0.0525280000     0.0114730000    22.2900000000    32.8700000000   147.1000000000  3394.9000000000     0.1406900000     1.0066900000     1.1460200000     0.2613100000     0.5073000000     0.1524600000     9.6000000000  ]
X_mu    = [  17.5102808989    22.1925280899   115.4755056180   980.6646067416     0.1026705056     0.1425123034     0.1565820787     0.0871231461     0.1933949438     0.0626053933     0.6062691011     1.2684882022     4.2829101124    70.9919662921     0.0067715506     0.0314196124     0.0410180337     0.0151567697     0.0207420899     0.0039966404    21.1416853933    30.0808988764   141.1598876404  1423.3365168539     0.1437332022     0.3667402247     0.4388448876     0.1787483146     0.3248146067     0.0907044944     2.9258426966  ]
