y_range =  124.0000000000
y_mu    =   47.2808988764
X_range = [  16.2700000000    28.9000000000   110.2000000000  1878.9000000000     0.0697300000     0.2653500000     0.3999500000     0.1808900000     0.1732000000     0.0471900000     1.6252000000     3.1409000000    11.9460000000   301.5100000000     0.0284630000     0.1280530000     0.1328600000     0.0340960000     0.0506270000     0.0114730000    22.2900000000    32.8700000000   147.1000000000  3389.0000000000     0.1406900000     0.9782600000     1.1088000000     0.2245500000     0.5035000000     0.1510600000     9.6000000000  ]
X_mu    = [  17.4842134831    22.3230337079   115.3893258427   977.3853932584     0.1023375843     0.1433142697     0.1582265730     0.0873120225     0.1925123596     0.0626115730     0.5989646067     1.2631556180     4.2410674157    70.2107303371     0.0067640562     0.0315060674     0.0414178090     0.0150710112     0.0206747191     0.0039845169    21.0994382022    30.2426966292   140.9607303371  1413.8258426966     0.1436608989     0.3668873596     0.4427584831     0.1792003371     0.3243522472     0.0906211798     2.8488764045  ]
