y_range =  124.0000000000
y_mu    =   47.6516853933
X_range = [  16.2700000000    28.9000000000   110.2000000000  1888.4000000000     0.0697300000     0.2653500000     0.4028200000     0.1808900000     0.1732000000     0.0471900000     1.6252000000     3.1409000000    11.9460000000   302.0100000000     0.0284630000     0.1280530000     0.1328600000     0.0340960000     0.0525280000     0.0112740000    22.2900000000    32.8700000000   144.9800000000  3394.9000000000     0.1406900000     1.0066900000     1.1460200000     0.2613100000     0.5073000000     0.1524600000     9.6000000000  ]
X_mu    = [  17.4135393258    22.3330898876   114.9016292135   969.8713483146     0.1026411236     0.1438184831     0.1573470225     0.0868167978     0.1937943820     0.0627671910     0.6035337079     1.2726106742     4.2603202247    70.5704494382     0.0068173034     0.0318422978     0.0414748876     0.0152257079     0.0209353483     0.0040320730    21.0076966292    30.2812359551   140.3632584270  1403.3067415730     0.1441135393     0.3717366292     0.4414797191     0.1797098315     0.3271707865     0.0913645506     2.8084269663  ]
