y_range =  124.0000000000
y_mu    =   47.6853932584
X_range = [  16.2700000000    28.9000000000   110.2000000000  1878.9000000000     0.0697300000     0.2653500000     0.4028200000     0.1808900000     0.1732000000     0.0471900000     1.6136000000     3.1409000000    12.1270000000   299.0300000000     0.0284630000     0.1280530000     0.1328600000     0.0340960000     0.0525280000     0.0114730000    22.2900000000    32.8700000000   147.1000000000  3389.0000000000     0.1406900000     1.0066900000     1.1460200000     0.2613100000     0.5073000000     0.1524600000     9.6000000000  ]
X_mu    = [  17.5444943820    22.2734269663   115.7385393258   984.7168539326     0.1029593820     0.1428216854     0.1590385955     0.0881637079     0.1926039326     0.0626661236     0.6123331461     1.2613808989     4.3024494382    71.5652247191     0.0068048989     0.0313596292     0.0411328090     0.0151166629     0.0204933820     0.0040084157    21.2026404494    30.0851123596   141.4595505618  1426.8050561798     0.1440403371     0.3631806742     0.4394105618     0.1802907303     0.3224365169     0.0907074719     2.8528089888  ]
