y_range =  124.0000000000
y_mu    =   47.5730337079
X_range = [  16.2700000000    28.9000000000   110.2000000000  1888.4000000000     0.0675300000     0.2653500000     0.3339200000     0.1682300000     0.1732000000     0.0471900000     1.6136000000     3.1409000000    12.1270000000   302.0100000000     0.0284630000     0.1280530000     0.1328600000     0.0340960000     0.0525280000     0.0114730000    22.2900000000    32.8700000000   147.1000000000  3394.9000000000     0.1298700000     1.0066900000     1.1460200000     0.2613100000     0.5073000000     0.1524600000     9.6000000000  ]
X_mu    = [  17.3732022472    22.0998876404   114.5608426966   965.1584269663     0.1028505056     0.1426824719     0.1555890449     0.0866095506     0.1931084270     0.0627938202     0.6033179775     1.2507539326     4.2496910112    69.7091011236     0.0067778652     0.0312285393     0.0408241573     0.0152897865     0.0208213034     0.0040242697    20.9446629213    29.8305617978   139.7795505618  1394.0533707865     0.1437820225     0.3642048315     0.4342493820     0.1784947753     0.3241050562     0.0910652809     2.8011235955  ]
