y_range =  124.0000000000
y_mu    =   46.5955056180
X_range = [  14.7800000000    28.9000000000   102.3000000000  1648.4000000000     0.0697300000     0.2653500000     0.4028200000     0.1808900000     0.1732000000     0.0471900000     1.5246000000     3.1409000000    10.4070000000   302.0100000000     0.0284630000     0.1280530000     0.1328600000     0.0340960000     0.0517480000     0.0114730000    22.2900000000    32.8700000000   147.1000000000  3394.9000000000     0.1406900000     1.0066900000     1.1460200000     0.2613100000     0.5073000000     0.1524600000     9.6000000000  ]
X_mu    = [  17.3851123596    22.1851685393   114.6479213483   965.3533707865     0.1024428652     0.1423289326     0.1554796067     0.0862565730     0.1927943820     0.0627250000     0.6007702247     1.2715179775     4.2356235955    69.5744943820     0.0068165281     0.0312216854     0.0410824719     0.0152203202     0.0203424270     0.0039938820    20.9261235955    30.1022471910   139.8074719101  1390.9488764045     0.1434382584     0.3626969663     0.4345274719     0.1779042135     0.3215853933     0.0906552247     2.7387640449  ]
