y_range =  124.0000000000
y_mu    =   46.5112359551
X_range = [  16.2700000000    28.9000000000   110.2000000000  1888.4000000000     0.0697300000     0.2653500000     0.4028200000     0.1808900000     0.1732000000     0.0471900000     1.6252000000     2.7579000000    12.1270000000   302.0100000000     0.0284630000     0.1280530000     0.1328600000     0.0340960000     0.0525280000     0.0114730000    22.2900000000    32.8700000000   147.1000000000  3394.9000000000     0.1364900000     1.0066900000     1.1460200000     0.2613100000     0.5073000000     0.1524600000     9.6000000000  ]
X_mu    = [  17.3697191011    22.1157865169   114.5429775281   965.3578651685     0.1023574157     0.1425216292     0.1547686517     0.0858536517     0.1922084270     0.0626237079     0.6072359551     1.2303219101     4.2708314607    70.7087078652     0.0067941742     0.0313474719     0.0406106180     0.0151152809     0.0204049551     0.0039789888    20.9584269663    29.8020224719   139.8652247191  1397.6758426966     0.1434174719     0.3658705618     0.4329308427     0.1775609551     0.3217898876     0.0907358427     2.8415730337  ]
