y_range =  124.0000000000
y_mu    =   47.3539325843
X_range = [  16.2700000000    28.9000000000   110.2000000000  1888.4000000000     0.0697300000     0.2600900000     0.4028200000     0.1808900000     0.1616000000     0.0319900000     1.6252000000     3.0541000000    12.1270000000   302.0100000000     0.0206630000     0.1280530000     0.1168600000     0.0314260000     0.0525280000     0.0106330000    22.2900000000    32.8700000000   147.1000000000  3394.9000000000     0.1406900000     1.0066900000     1.1460200000     0.2466100000     0.4209000000     0.1524600000     9.6000000000  ]
X_mu    = [  17.4060674157    22.2097191011   114.7693820225   969.2713483146     0.1025132022     0.1412338202     0.1546622472     0.0861058989     0.1929719101     0.0624948315     0.6002837079     1.2730522472     4.2208202247    69.9971910112     0.0066576629     0.0307667303     0.0399008989     0.0149022753     0.0202098989     0.0038989663    21.0176404494    30.1647191011   140.1314044944  1405.2129213483     0.1438652247     0.3637393258     0.4340201685     0.1775269663     0.3230213483     0.0903938202     2.8685393258  ]
