y_range =  124.0000000000
y_mu    =   47.3370786517
X_range = [  16.2700000000    23.4900000000   110.2000000000  1878.9000000000     0.0697300000     0.2653500000     0.4028200000     0.1781300000     0.1732000000     0.0471900000     1.6252000000     2.7579000000    12.1270000000   301.5100000000     0.0284630000     0.1280530000     0.1328600000     0.0340960000     0.0525280000     0.0114730000    22.2900000000    32.8700000000   147.1000000000  3389.0000000000     0.1406900000     1.0066900000     1.1460200000     0.2613100000     0.5073000000     0.1524600000     9.6000000000  ]
X_mu    = [  17.4565730337    22.1723595506   115.1957865169   975.7825842697     0.1024207303     0.1423889888     0.1554071348     0.0866208427     0.1921404494     0.0626022472     0.6077775281     1.2590707865     4.2954775281    71.4181460674     0.0067638427     0.0313442697     0.0404961236     0.0150915730     0.0205965843     0.0040113596    21.0882584270    30.0036516854   140.8533707865  1417.9511235955     0.1435657865     0.3639593258     0.4335488202     0.1783710674     0.3232601124     0.0907608989     2.9000000000  ]
