y_range =  124.0000000000
y_mu    =   46.3314606742
X_range = [  16.2700000000    28.9000000000   110.2000000000  1888.4000000000     0.0697300000     0.2590000000     0.3999500000     0.1781300000     0.1732000000     0.0471900000     1.6252000000     3.1409000000    12.1270000000   302.0100000000     0.0284630000     0.1280530000     0.1328600000     0.0340960000     0.0506270000     0.0114730000    22.2900000000    32.8700000000   147.1000000000  3394.9000000000     0.1406900000     0.9782600000     1.1088000000     0.2187000000     0.5035000000     0.1510600000     9.6000000000  ]
X_mu    = [  17.5076966292    22.3070224719   115.5735393258   980.9275280899     0.1029903371     0.1453744382     0.1596603371     0.0886076404     0.1932735955     0.0628883708     0.6133483146     1.2773230337     4.3328707865    71.8024719101     0.0068615730     0.0319575281     0.0415188202     0.0154253876     0.0208978090     0.0040633315    21.1662359551    30.2164044944   141.3664044944  1423.3219101124     0.1443243820     0.3692594944     0.4405084831     0.1818478090     0.3255286517     0.0909952809     2.8528089888  ]
