y_range =  124.0000000000
y_mu    =   47.2977528090
X_range = [  16.2700000000    28.9000000000   110.2000000000  1888.4000000000     0.0697300000     0.2653500000     0.4028200000     0.1808900000     0.1732000000     0.0321800000     1.6252000000     3.1409000000    12.1270000000   302.0100000000     0.0284630000     0.1280530000     0.1328600000     0.0340960000     0.0525280000     0.0114730000    22.2900000000    32.8700000000   147.1000000000  3394.9000000000     0.1406900000     1.0066900000     1.1460200000     0.2613100000     0.4209000000     0.1524600000     9.6000000000  ]
X_mu    = [  17.3042696629    22.1655617978   114.1547752809   957.5943820225     0.1028449438     0.1433879213     0.1559976404     0.0865989326     0.1924814607     0.0629358989     0.6094247191     1.2650561798     4.2991966292    70.8932022472     0.0067933371     0.0315151685     0.0412742697     0.0151583764     0.0204160225     0.0040489775    20.9320786517    30.0425280899   139.7853370787  1393.8129213483     0.1438579213     0.3681121348     0.4396078090     0.1779632022     0.3214151685     0.0913469663     2.8668539326  ]
