y_range =  124.0000000000
y_mu    =   48.1235955056
X_range = [  16.2700000000    28.9000000000   110.2000000000  1878.9000000000     0.0687800000     0.2653500000     0.4028200000     0.1741600000     0.1732000000     0.0471900000     1.6252000000     3.0541000000    12.1270000000   239.3100000000     0.0282640000     0.1280530000     0.1328600000     0.0332610000     0.0525280000     0.0114730000    20.2900000000    32.5000000000   144.2000000000  2918.0000000000     0.1278900000     1.0066900000     1.1460200000     0.2466100000     0.5073000000     0.1524600000     9.6000000000  ]
X_mu    = [  17.4982584270    22.3389325843   115.4600561798   978.3949438202     0.1032335955     0.1440435955     0.1589048876     0.0885457303     0.1939741573     0.0628137640     0.6101573034     1.2828865169     4.3088370787    70.9237640449     0.0067855000     0.0315495225     0.0413999438     0.0153049213     0.0209072584     0.0040317079    21.0992696629    30.1596067416   140.9039325843  1413.2297752809     0.1439410674     0.3650716854     0.4393696067     0.1799926966     0.3235994382     0.0909798876     2.8466292135  ]
