y_range =  124.0000000000
y_mu    =   46.8483146067
X_range = [  14.7800000000    23.4900000000   102.3000000000  1648.4000000000     0.0697300000     0.2653500000     0.4028200000     0.1808900000     0.1732000000     0.0471900000     1.6252000000     3.1409000000    12.1270000000   302.0100000000     0.0284630000     0.1280530000     0.1328600000     0.0340960000     0.0525280000     0.0114730000    22.2900000000    32.8700000000   147.1000000000  3394.9000000000     0.1364900000     1.0066900000     1.1460200000     0.2466100000     0.5073000000     0.1524600000     9.6000000000  ]
X_mu    = [  17.2496629213    22.1612921348   113.8048876404   951.7612359551     0.1023998876     0.1423441011     0.1543711236     0.0850695506     0.1932820225     0.0628358989     0.5896955056     1.2606500000     4.1841123596    68.3279775281     0.0067636854     0.0314216854     0.0408329213     0.0150360955     0.0207766966     0.0040290056    20.7531460674    29.9708988764   138.7643820225  1369.8370786517     0.1436376966     0.3652660674     0.4353729775     0.1771221910     0.3251915730     0.0911288202     2.8084269663  ]
