y_range =  124.0000000000
y_mu    =   46.5112359551
X_range = [  16.2700000000    23.4900000000   110.2000000000  1888.4000000000     0.0697300000     0.2653500000     0.4028200000     0.1808900000     0.1732000000     0.0471900000     1.6252000000     3.1409000000    11.9460000000   302.0100000000     0.0284630000     0.1280530000     0.1328600000     0.0339730000     0.0525280000     0.0114730000    22.2900000000    32.8700000000   144.9800000000  3394.9000000000     0.1406900000     1.0066900000     1.1460200000     0.2466100000     0.5073000000     0.1524600000     9.6000000000  ]
X_mu    = [  17.4513483146    22.3044382022   115.1546629213   975.9488764045     0.1026155056     0.1427261798     0.1572960674     0.0871879775     0.1925438202     0.0626287640     0.6134679775     1.2816415730     4.3314101124    71.5493820225     0.0069293876     0.0314069944     0.0413409551     0.0153334438     0.0208412472     0.0040191348    21.0574719101    30.1648314607   140.6503370787  1411.0713483146     0.1442410674     0.3625023596     0.4378370225     0.1791414045     0.3225769663     0.0905004494     2.7724719101  ]
