y_range =  124.0000000000
y_mu    =   45.8651685393
X_range = [  16.2700000000    28.9000000000   110.2000000000  1888.4000000000     0.0697300000     0.2653500000     0.4028200000     0.1808900000     0.1616000000     0.0471900000     1.6252000000     3.1409000000    12.1270000000   302.0100000000     0.0206630000     0.1280530000     0.1168600000     0.0314260000     0.0525280000     0.0106330000    22.2900000000    32.8700000000   144.9800000000  3394.9000000000     0.1406900000     1.0066900000     1.1460200000     0.2466100000     0.5073000000     0.1524600000     9.6000000000  ]
X_mu    = [  17.3762921348    22.3875842697   114.5810674157   966.3792134831     0.1026145506     0.1412658427     0.1547840449     0.0860893820     0.1928016854     0.0625201124     0.6065011236     1.2806758427     4.2887134831    70.5816853933     0.0067313876     0.0307245506     0.0402206180     0.0149932360     0.0206488876     0.0039142584    20.9810112360    30.3454494382   140.1114044944  1398.0438202247     0.1443972472     0.3615602247     0.4332623034     0.1777238764     0.3239460674     0.0904385393     2.8112359551  ]
