y_range =  124.0000000000
y_mu    =   47.7359550562
X_range = [  16.2700000000    28.9000000000   110.2000000000  1888.4000000000     0.0697300000     0.2653500000     0.4028200000     0.1808900000     0.1732000000     0.0471900000     1.6252000000     3.1409000000    12.1270000000   302.0100000000     0.0284630000     0.1280530000     0.1328600000     0.0340960000     0.0525280000     0.0114730000    22.2900000000    32.8700000000   147.1000000000  3394.9000000000     0.1406900000     1.0066900000     1.1460200000     0.2613100000     0.5073000000     0.1524600000     9.6000000000  ]
X_mu    = [  17.3648314607    22.3578651685   114.5205056180   966.1623595506     0.1026566854     0.1416305056     0.1562305618     0.0862607865     0.1916859551     0.0625969101     0.5910983146     1.2639185393     4.1643370787    68.9106179775     0.0067042921     0.0306585618     0.0402443258     0.0148152697     0.0202243371     0.0039663820    21.0012921348    30.4067415730   140.2121348315  1404.9353932584     0.1443706742     0.3654228090     0.4405167416     0.1790435393     0.3233325843     0.0912799438     2.8533707865  ]
