y_range =  122.0000000000
y_mu    =   45.5674157303
X_range = [  16.2700000000    23.4900000000   110.2000000000  1888.4000000000     0.0697300000     0.2653500000     0.4028200000     0.1808900000     0.1732000000     0.0471900000     1.6136000000     3.1409000000    12.1270000000   302.0100000000     0.0284630000     0.1280530000     0.1328600000     0.0340960000     0.0525280000     0.0114730000    22.2900000000    32.8700000000   147.1000000000  3394.9000000000     0.1406900000     0.8865900000     1.1460200000     0.2466100000     0.5073000000     0.1179600000     9.6000000000  ]
X_mu    = [  17.4800561798    22.2101123596   115.3067415730   978.9207865169     0.1025374719     0.1413548315     0.1568352247     0.0871874719     0.1921426966     0.0624633708     0.6129775281     1.2921758427     4.3430674157    71.9337640449     0.0068607921     0.0308208989     0.0408064045     0.0152024270     0.0205981011     0.0039433539    21.0758426966    30.0984269663   140.9287078652  1415.7185393258     0.1435680337     0.3554166292     0.4292336517     0.1776772472     0.3198050562     0.0893662921     2.8820224719  ]
