Lambda_gamma: 0.0
Time: 0.4894859790802002
Lambda_gamma: 0.0
Time: 0.9493319988250732
Lambda_gamma: 0.0
Time: 0.9257471561431885
