y_range =  124.0000000000
y_mu    =   47.1966292135
X_range = [  16.2700000000    28.9000000000   110.2000000000  1888.4000000000     0.0675300000     0.2653500000     0.3339200000     0.1709900000     0.1732000000     0.0471900000     1.6252000000     3.0541000000    12.1270000000   302.0100000000     0.0284630000     0.1280530000     0.1328600000     0.0340960000     0.0525280000     0.0114730000    22.2900000000    32.8700000000   147.1000000000  3394.9000000000     0.1406900000     1.0066900000     1.1460200000     0.2613100000     0.5073000000     0.1524600000     9.6000000000  ]
X_mu    = [  17.4706741573    22.4624719101   115.2087640449   976.5241573034     0.1025147753     0.1421467978     0.1562724719     0.0869676404     0.1930567416     0.0626320787     0.6049269663     1.2820415730     4.2709044944    70.5847752809     0.0066632079     0.0310214045     0.0407199438     0.0152149270     0.0206904045     0.0040009438    21.0838764045    30.4657865169   140.6525842697  1414.3101123596     0.1431360112     0.3625480899     0.4352684831     0.1789120787     0.3239095506     0.0907136517     2.8280898876  ]
