y_range =  124.0000000000
y_mu    =   46.4382022472
X_range = [  16.1400000000    28.9000000000   108.8000000000  1888.4000000000     0.0675300000     0.2653500000     0.3283200000     0.1674900000     0.1732000000     0.0471900000     1.6252000000     2.4343000000    12.1270000000   302.0100000000     0.0284630000     0.1280530000     0.1328600000     0.0339730000     0.0517480000     0.0114730000    21.8900000000    32.5000000000   147.1000000000  3394.9000000000     0.1406900000     1.0066900000     1.1460200000     0.2613100000     0.5073000000     0.1524600000     9.6000000000  ]
X_mu    = [  17.3478651685    22.5394943820   114.3628089888   962.2432584270     0.1022074719     0.1412534831     0.1529229775     0.0853048315     0.1917955056     0.0626379213     0.5998893258     1.2757831461     4.2448258427    69.4490449438     0.0067058539     0.0312034551     0.0405002809     0.0152364607     0.0204912472     0.0039996404    20.9771910112    30.5131460674   140.0182022472  1399.3196629213     0.1434601685     0.3656891011     0.4353493820     0.1783953371     0.3225837079     0.0911056180     2.9016853933  ]
