y_range =  122.0000000000
y_mu    =   47.1235955056
X_range = [  16.2700000000    23.4900000000   110.2000000000  1878.9000000000     0.0697300000     0.2653500000     0.4028200000     0.1808900000     0.1732000000     0.0471900000     1.6252000000     3.1409000000    12.1270000000   301.5100000000     0.0284630000     0.1280530000     0.1328600000     0.0340960000     0.0525280000     0.0114730000    22.2900000000    32.8700000000   147.1000000000  3389.0000000000     0.1406900000     1.0066900000     1.1460200000     0.2613100000     0.5073000000     0.1524600000     9.6000000000  ]
X_mu    = [  17.4199438202    22.2739887640   114.9218539326   970.3084269663     0.1025285955     0.1427914045     0.1559969663     0.0864974157     0.1929488764     0.0627211798     0.6002460674     1.2696382022     4.2463202247    69.7821910112     0.0067477416     0.0312957303     0.0408203371     0.0150967697     0.0207469213     0.0040109438    20.9878651685    30.1763483146   140.1910112360  1400.7629213483     0.1434433146     0.3640688764     0.4362623034     0.1780693820     0.3244297753     0.0908434270     2.9168539326  ]
