y_range =  124.0000000000
y_mu    =   47.3876404494
X_range = [  16.2700000000    28.9000000000   110.2000000000  1888.4000000000     0.0697300000     0.2653500000     0.3999500000     0.1781300000     0.1370000000     0.0471900000     1.6252000000     3.1409000000    12.1270000000   302.0100000000     0.0284630000     0.1280530000     0.1328600000     0.0340960000     0.0502800000     0.0114730000    22.2900000000    30.4900000000   147.1000000000  3394.9000000000     0.1406900000     0.9782600000     1.1088000000     0.2245500000     0.5035000000     0.1510600000     9.6000000000  ]
X_mu    = [  17.4442134831    22.0443820225   115.1375842697   974.6292134831     0.1031573596     0.1443774719     0.1589483708     0.0878973596     0.1933157303     0.0627443820     0.5975404494     1.2563471910     4.2277865169    69.9038202247     0.0068242528     0.0316531461     0.0413148315     0.0152112022     0.0208871348     0.0039975000    21.0407865169    29.8567977528   140.6428089888  1409.4910112360     0.1445996629     0.3708705056     0.4448517416     0.1809053933     0.3260084270     0.0910296067     2.7752808989  ]
