y_range =  124.0000000000
y_mu    =   46.4887640449
X_range = [  16.2700000000    28.9000000000   110.2000000000  1888.4000000000     0.0697300000     0.2653500000     0.4028200000     0.1808900000     0.1370000000     0.0471900000     1.6252000000     2.7579000000    12.1270000000   302.0100000000     0.0284630000     0.1269780000     0.1327900000     0.0340960000     0.0525280000     0.0114730000    22.2900000000    32.8700000000   147.1000000000  3394.9000000000     0.1406900000     1.0066900000     1.1460200000     0.2613100000     0.5073000000     0.1524600000     9.6000000000  ]
X_mu    = [  17.4003932584    22.2957865169   114.8488202247   970.0202247191     0.1029292135     0.1440086517     0.1578250000     0.0870183146     0.1921455056     0.0628815169     0.5997808989     1.2658606742     4.2364044944    70.1040449438     0.0067976629     0.0317701517     0.0412048876     0.0149581517     0.0204587753     0.0040194101    21.0546067416    30.2857865169   140.6143820225  1411.7629213483     0.1445774157     0.3721876966     0.4445903371     0.1798518539     0.3242915730     0.0915348876     2.8028089888  ]
