y_range =  124.0000000000
y_mu    =   45.9269662921
X_range = [  16.2700000000    28.9000000000   110.2000000000  1888.4000000000     0.0697300000     0.2653500000     0.4028200000     0.1808900000     0.1732000000     0.0471900000     1.6252000000     2.7579000000    12.1270000000   302.0100000000     0.0284630000     0.1280530000     0.1328600000     0.0340960000     0.0525280000     0.0114730000    22.2900000000    32.8700000000   147.1000000000  3394.9000000000     0.1406900000     1.0066900000     1.1460200000     0.2613100000     0.5073000000     0.1524600000     9.6000000000  ]
X_mu    = [  17.4327528090    22.2987078652   115.0081460674   973.0089887640     0.1026301124     0.1431487640     0.1570420787     0.0872449438     0.1929634831     0.0627235393     0.6042769663     1.2589988764     4.2677640449    70.9012359551     0.0067079719     0.0312948371     0.0409643820     0.0149998315     0.0205622584     0.0039900899    21.0813483146    30.2408426966   140.7688764045  1415.8696629213     0.1437073596     0.3688604494     0.4422589326     0.1795157303     0.3253567416     0.0911502247     2.9022471910  ]
