y_range =  124.0000000000
y_mu    =   47.0955056180
X_range = [  16.2700000000    28.9000000000   110.2000000000  1888.4000000000     0.0697300000     0.2653500000     0.4028200000     0.1808900000     0.1732000000     0.0471900000     1.5362000000     2.7579000000    10.4070000000   302.0100000000     0.0284630000     0.1280530000     0.1328600000     0.0340960000     0.0525280000     0.0112740000    22.2900000000    32.8700000000   147.1000000000  3394.9000000000     0.1406900000     1.0066900000     1.1460200000     0.2613100000     0.5073000000     0.1524600000     9.6000000000  ]
X_mu    = [  17.3633146067    22.1230898876   114.5253370787   965.9056179775     0.1025161798     0.1424303371     0.1550194382     0.0859574157     0.1930691011     0.0626874719     0.6043370787     1.2425971910     4.2579438202    70.5267977528     0.0068359382     0.0316926404     0.0412567978     0.0152663258     0.0207845618     0.0039879663    21.0148314607    29.9478651685   140.1720224719  1407.7443820225     0.1440612921     0.3684817978     0.4386106180     0.1791555618     0.3259174157     0.0909744382     2.8286516854  ]
