y_range =  124.0000000000
y_mu    =   45.3764044944
X_range = [  16.2700000000    27.3900000000   110.2000000000  1888.4000000000     0.0697300000     0.2653500000     0.4028200000     0.1808900000     0.1732000000     0.0471900000     1.6252000000     3.1409000000    11.9460000000   239.8100000000     0.0284630000     0.1280530000     0.1328600000     0.0340960000     0.0525280000     0.0114730000    20.2900000000    32.8700000000   144.2000000000  2923.9000000000     0.1406900000     0.8865900000     1.1460200000     0.2613100000     0.5073000000     0.1179600000     9.6000000000  ]
X_mu    = [  17.3106741573    22.3319101124   114.1855617978   958.4460674157     0.1027273596     0.1424615730     0.1544860112     0.0859944382     0.1927438202     0.0628128652     0.5987146067     1.2750758427     4.2357471910    68.8488764045     0.0068007022     0.0314880337     0.0409266854     0.0152840674     0.0208220337     0.0040328933    20.8358426966    30.2018539326   139.2236516854  1376.6056179775     0.1439034270     0.3642093258     0.4333212921     0.1783873596     0.3235303371     0.0908902247     2.8460674157  ]
