y_range =  124.0000000000
y_mu    =   47.4494382022
X_range = [  16.2700000000    28.9000000000   110.2000000000  1888.4000000000     0.0697300000     0.2653500000     0.4028200000     0.1808900000     0.1732000000     0.0471900000     1.5362000000     3.1409000000    10.4070000000   302.0100000000     0.0284630000     0.1280530000     0.1328600000     0.0340960000     0.0525280000     0.0114730000    22.2900000000    32.8700000000   147.1000000000  3394.9000000000     0.1406900000     1.0066900000     1.1460200000     0.2466100000     0.5073000000     0.1524600000     9.6000000000  ]
X_mu    = [  17.4149438202    22.0844943820   114.8008988764   970.7179775281     0.1024856742     0.1412232584     0.1551308989     0.0865797191     0.1926140449     0.0626107303     0.6027786517     1.2590050562     4.2328483146    70.2940449438     0.0067939663     0.0307270225     0.0401458989     0.0151264270     0.0205330449     0.0039673933    20.9935393258    29.9214044944   140.0216853933  1402.1747191011     0.1438017416     0.3607166292     0.4313010674     0.1781126404     0.3239898876     0.0905117978     2.7786516854  ]
