y_range =  124.0000000000
y_mu    =   47.5842696629
X_range = [  16.2700000000    27.3900000000   110.2000000000  1888.4000000000     0.0697300000     0.2653500000     0.4028200000     0.1808900000     0.1370000000     0.0471900000     1.6252000000     2.7579000000    12.1270000000   302.0100000000     0.0284630000     0.1280530000     0.1328600000     0.0340960000     0.0525280000     0.0114730000    22.2900000000    32.8700000000   147.1000000000  3394.9000000000     0.1406900000     1.0066900000     1.1460200000     0.2613100000     0.5073000000     0.1524600000     9.6000000000  ]
X_mu    = [  17.2555617978    22.2820224719   113.8261797753   953.3606741573     0.1026459551     0.1427037640     0.1543078090     0.0854693820     0.1921455056     0.0629061236     0.5892949438     1.2478994382     4.1589606742    67.7378651685     0.0067302809     0.0312092697     0.0405017416     0.0149168371     0.0205969213     0.0039903371    20.8338764045    30.1496629213   138.9913483146  1379.1516853933     0.1440843258     0.3686065169     0.4391179213     0.1776867978     0.3258213483     0.0915285955     2.8342696629  ]
