y_range =  124.0000000000
y_mu    =   46.2415730337
X_range = [  16.2700000000    28.9000000000   110.2000000000  1888.4000000000     0.0697300000     0.2653500000     0.4028200000     0.1808900000     0.1612000000     0.0471900000     1.6252000000     3.1409000000    12.1270000000   302.0100000000     0.0206630000     0.1280530000     0.1168600000     0.0314260000     0.0525280000     0.0106330000    22.2900000000    32.8700000000   147.1000000000  3394.9000000000     0.1406900000     0.8865900000     1.1460200000     0.2613100000     0.5073000000     0.1179600000     9.6000000000  ]
X_mu    = [  17.5129775281    22.1998314607   115.4964044944   982.2724719101     0.1026365169     0.1422545506     0.1569853371     0.0871902809     0.1932269663     0.0626280899     0.6129314607     1.2602820225     4.3080561798    71.8947191011     0.0066291348     0.0305363483     0.0402078652     0.0148906910     0.0206702753     0.0038841573    21.2005617978    30.0573033708   141.3809550562  1429.5011235955     0.1438427528     0.3608211236     0.4365291573     0.1794255618     0.3246853933     0.0901516854     2.7662921348  ]
