y_range =  124.0000000000
y_mu    =   47.3595505618
X_range = [  16.2700000000    28.9000000000   110.2000000000  1878.9000000000     0.0697300000     0.2653500000     0.4028200000     0.1781300000     0.1732000000     0.0471900000     1.6252000000     3.1409000000    12.1270000000   239.3100000000     0.0284630000     0.0932530000     0.1328600000     0.0340960000     0.0525280000     0.0114730000    20.2900000000    32.8700000000   144.2000000000  2918.0000000000     0.1406900000     1.0066900000     1.1460200000     0.2613100000     0.5073000000     0.1524600000     9.6000000000  ]
X_mu    = [  17.5347752809    22.2764606742   115.6187640449   981.4511235955     0.1022913483     0.1411665169     0.1555384831     0.0871678090     0.1922691011     0.0623065730     0.6158719101     1.2605533708     4.3150449438    71.5069101124     0.0068057472     0.0304120787     0.0404543820     0.0151618258     0.0204762472     0.0038677584    21.2043258427    30.0677528090   141.3567415730  1423.2404494382     0.1432596067     0.3557817978     0.4302252247     0.1781952247     0.3219191011     0.0892739326     2.8696629213  ]
