y_range =  124.0000000000
y_mu    =   47.1516853933
X_range = [  16.1400000000    28.9000000000   108.8000000000  1888.4000000000     0.0697300000     0.2653500000     0.4028200000     0.1808900000     0.1732000000     0.0471900000     1.6252000000     3.1409000000    12.1270000000   302.0100000000     0.0284630000     0.1280530000     0.1328600000     0.0340960000     0.0525280000     0.0114730000    21.8900000000    32.8700000000   147.1000000000  3394.9000000000     0.1406900000     1.0066900000     1.1460200000     0.2613100000     0.5073000000     0.1524600000     9.6000000000  ]
X_mu    = [  17.4602808989    22.2638764045   115.2074719101   974.7466292135     0.1029864045     0.1442367978     0.1579640449     0.0875721348     0.1925646067     0.0628631461     0.6023280899     1.2440387640     4.2408988764    70.4117415730     0.0067553146     0.0312911236     0.0406938764     0.0150476124     0.0204068652     0.0040083596    21.0674719101    30.0068539326   140.6925280899  1412.1426966292     0.1442663483     0.3701244944     0.4390505056     0.1793749438     0.3235000000     0.0914220225     2.9376404494  ]
