y_range =  124.0000000000
y_mu    =   46.2134831461
X_range = [  14.7800000000    28.9000000000   102.3000000000  1648.4000000000     0.0697300000     0.2653500000     0.4028200000     0.1808900000     0.1616000000     0.0471900000     1.6136000000     3.1409000000    12.1270000000   302.0100000000     0.0206630000     0.1280530000     0.1168600000     0.0313030000     0.0525280000     0.0106330000    22.2900000000    32.8700000000   147.1000000000  3394.9000000000     0.1406900000     1.0066900000     1.1460200000     0.2613100000     0.5073000000     0.1524600000     9.6000000000  ]
X_mu    = [  17.4040449438    22.2644943820   114.8016853933   967.8112359551     0.1027212360     0.1430887079     0.1566766292     0.0869732022     0.1936359551     0.0627508989     0.6028174157     1.2741994382     4.2559550562    70.1423033708     0.0066188989     0.0310150281     0.0404938764     0.0149946348     0.0205607416     0.0039502753    20.9906179775    30.1673595506   140.1806741573  1399.7477528090     0.1437641011     0.3673677528     0.4403212921     0.1796290449     0.3253471910     0.0909116292     2.8151685393  ]
