y_range =  124.0000000000
y_mu    =   46.5112359551
X_range = [  14.7800000000    28.9000000000   102.3000000000  1648.4000000000     0.0697300000     0.2653500000     0.4028200000     0.1808900000     0.1732000000     0.0471900000     1.6252000000     3.1409000000    11.9460000000   302.0100000000     0.0284630000     0.0921780000     0.1327900000     0.0340960000     0.0525280000     0.0114730000    22.2900000000    32.8700000000   147.1000000000  3394.9000000000     0.1406900000     1.0066900000     1.1460200000     0.2613100000     0.5073000000     0.1524600000     9.6000000000  ]
X_mu    = [  17.5262359551    22.2785393258   115.6616292135   980.5174157303     0.1029824719     0.1440231461     0.1591625843     0.0880893258     0.1931488764     0.0627219101     0.6078275281     1.2643567416     4.2850786517    70.9147752809     0.0067625674     0.0311831067     0.0410974719     0.0151920506     0.0205834944     0.0039957191    21.1364044944    30.0875280899   141.0851685393  1418.8926966292     0.1437612921     0.3653826404     0.4402325281     0.1794715169     0.3231915730     0.0906491573     2.9449438202  ]
