y_range =  124.0000000000
y_mu    =   46.4887640449
X_range = [  16.2700000000    28.9000000000   110.2000000000  1888.4000000000     0.0697300000     0.2600900000     0.4028200000     0.1808900000     0.1732000000     0.0471900000     1.6252000000     3.1409000000    11.9460000000   302.0100000000     0.0284630000     0.1280530000     0.1328600000     0.0339730000     0.0525280000     0.0114730000    22.2900000000    32.8700000000   147.1000000000  3394.9000000000     0.1406900000     1.0066900000     1.1460200000     0.2613100000     0.5073000000     0.1524600000     9.6000000000  ]
X_mu    = [  17.3342134831    22.3161797753   114.4137640449   960.8207865169     0.1029994382     0.1447726404     0.1573511798     0.0870258427     0.1935449438     0.0629279775     0.6005084270     1.2756415730     4.2573146067    69.3192134831     0.0068809775     0.0323040955     0.0415322472     0.0152928315     0.0209018483     0.0040668371    20.8946629213    30.1841573034   139.6582022472  1385.5314606742     0.1446291011     0.3735365169     0.4409644944     0.1805293258     0.3263640449     0.0915532584     2.7730337079  ]
