y_range =  124.0000000000
y_mu    =   46.8033707865
X_range = [  16.2700000000    28.9000000000   110.2000000000  1888.4000000000     0.0687800000     0.2653500000     0.4028200000     0.1808900000     0.1732000000     0.0471900000     1.5362000000     3.1409000000    10.4070000000   302.0100000000     0.0283040000     0.0907130000     0.1328600000     0.0340960000     0.0525280000     0.0114730000    22.2900000000    30.4900000000   147.1000000000  3394.9000000000     0.1406900000     1.0066900000     1.1460200000     0.2613100000     0.5073000000     0.1524600000     9.6000000000  ]
X_mu    = [  17.5087640449    22.2967977528   115.4217977528   980.2011235955     0.1025835393     0.1406417978     0.1553929213     0.0870477528     0.1916089888     0.0623548315     0.6112578652     1.2591269663     4.2867191011    71.2622471910     0.0068323764     0.0302244944     0.0400232022     0.0151125449     0.0201876685     0.0039304944    21.1531460674    30.0405056180   141.0187078652  1421.3112359551     0.1434624157     0.3565295506     0.4280409551     0.1777274157     0.3185314607     0.0897850000     2.8528089888  ]
