y_range =  122.0000000000
y_mu    =   45.3707865169
X_range = [  16.2700000000    28.9000000000   110.2000000000  1888.4000000000     0.0697300000     0.2406500000     0.4028200000     0.1808900000     0.1732000000     0.0471900000     1.6252000000     2.6443000000    11.9460000000   302.0100000000     0.0284630000     0.1280530000     0.1328600000     0.0339730000     0.0517480000     0.0114730000    22.2900000000    32.8700000000   147.1000000000  3394.9000000000     0.1406900000     1.0066900000     1.1460200000     0.2613100000     0.5073000000     0.1524600000     9.6000000000  ]
X_mu    = [  17.4444382022    22.3854494382   115.0769101124   975.5662921348     0.1025560112     0.1423015169     0.1552638764     0.0864002247     0.1922561798     0.0625891573     0.6062123596     1.2631348315     4.2838146067    70.9630337079     0.0067850281     0.0316305955     0.0407714045     0.0151729157     0.0204478202     0.0039912247    21.1115730337    30.2974157303   140.9907865169  1420.2337078652     0.1440056742     0.3684155056     0.4368780337     0.1792444944     0.3232393258     0.0907738764     2.9314606742  ]
