y_range =  124.0000000000
y_mu    =   47.1235955056
X_range = [  16.2700000000    27.3900000000   110.2000000000  1878.9000000000     0.0697300000     0.2653500000     0.4028200000     0.1808900000     0.1370000000     0.0471900000     1.6252000000     2.6711000000    12.1270000000   301.5100000000     0.0284630000     0.0932530000     0.1328600000     0.0340960000     0.0525280000     0.0114730000    22.2900000000    32.8700000000   147.1000000000  3389.0000000000     0.1406900000     1.0066900000     1.1460200000     0.2613100000     0.5073000000     0.1524600000     9.6000000000  ]
X_mu    = [  17.4818539326    22.2942696629   115.2462359551   978.5089887640     0.1022360674     0.1402666854     0.1536611798     0.0861111798     0.1912898876     0.0624329775     0.6075314607     1.2459949438     4.2707977528    71.1125842697     0.0067285730     0.0302673596     0.0400296629     0.0149825787     0.0203385506     0.0039026629    21.1574157303    30.1447191011   141.0292134831  1424.6073033708     0.1433624157     0.3580598876     0.4315308427     0.1775912921     0.3216859551     0.0901696067     2.8101123596  ]
