y_range =  124.0000000000
y_mu    =   47.0337078652
X_range = [  16.2700000000    27.3900000000   110.2000000000  1888.4000000000     0.0697300000     0.2353900000     0.4028200000     0.1808900000     0.1732000000     0.0471900000     1.6252000000     3.1409000000    12.1270000000   239.8100000000     0.0284630000     0.1280530000     0.1328600000     0.0340960000     0.0525280000     0.0114730000    20.2800000000    32.8700000000   135.7000000000  2923.9000000000     0.1406900000     1.0066900000     1.0810200000     0.2613100000     0.5073000000     0.1524600000     9.6000000000  ]
X_mu    = [  17.3416853933    22.3265730337   114.2952808989   960.6292134831     0.1030257303     0.1407333708     0.1535204494     0.0862263483     0.1919910112     0.0626050562     0.5959629213     1.2702432584     4.1961235955    68.5202247191     0.0068504551     0.0312095000     0.0404748315     0.0152248876     0.0203397865     0.0040209101    20.9024157303    30.1901685393   139.3488202247  1384.2191011236     0.1447343258     0.3632786517     0.4309274719     0.1788047191     0.3203247191     0.0909717416     2.8449438202  ]
