y_range =  124.0000000000
y_mu    =   47.0730337079
X_range = [  16.2700000000    28.9000000000   110.2000000000  1888.4000000000     0.0697300000     0.2653500000     0.4028200000     0.1808900000     0.1732000000     0.0471900000     1.6252000000     3.1409000000    11.9460000000   239.8100000000     0.0284630000     0.1280530000     0.1328600000     0.0340960000     0.0525280000     0.0114730000    20.2900000000    32.8700000000   142.0800000000  2923.9000000000     0.1406900000     1.0066900000     1.1460200000     0.2613100000     0.5073000000     0.1524600000     9.6000000000  ]
X_mu    = [  17.4996629213    22.5038202247   115.5167415730   979.3606741573     0.1028110112     0.1452431461     0.1594839888     0.0881866292     0.1941005618     0.0628903371     0.6106949438     1.2709466292     4.3169157303    71.0309550562     0.0068347416     0.0321879270     0.0415878652     0.0152984607     0.0208905169     0.0040744213    21.1222471910    30.3528651685   141.1683146067  1414.4146067416     0.1443152247     0.3724158427     0.4427235393     0.1809342697     0.3261691011     0.0914455618     2.8730337079  ]
