y_range =  124.0000000000
y_mu    =   47.3483146067
X_range = [  16.2700000000    28.9000000000   110.2000000000  1878.9000000000     0.0675300000     0.2653500000     0.3339200000     0.1709900000     0.1732000000     0.0471900000     1.6252000000     3.1409000000    12.1270000000   301.5100000000     0.0284630000     0.1269780000     0.1310800000     0.0340960000     0.0525280000     0.0114730000    22.2900000000    32.8700000000   147.1000000000  3389.0000000000     0.1406900000     1.0066900000     1.1460200000     0.2613100000     0.5073000000     0.1524600000     9.6000000000  ]
X_mu    = [  17.4630898876    22.1684831461   115.1589325843   975.9983146067     0.1025496629     0.1421530337     0.1561757865     0.0868580899     0.1932573034     0.0625789326     0.6119415730     1.2407679775     4.2986348315    71.2493258427     0.0066993708     0.0307723258     0.0404106180     0.0152109101     0.0203579888     0.0039450955    21.1543258427    29.9906741573   141.0694382022  1423.4584269663     0.1438736517     0.3650517416     0.4376072472     0.1800560112     0.3248325843     0.0909046629     2.9168539326  ]
