y_range =  124.0000000000
y_mu    =   47.2865168539
X_range = [  16.2700000000    28.9000000000   110.2000000000  1888.4000000000     0.0697300000     0.2653500000     0.4028200000     0.1808900000     0.1732000000     0.0471900000     1.6252000000     3.1409000000    12.1270000000   302.0100000000     0.0284630000     0.1269780000     0.1327900000     0.0340960000     0.0525280000     0.0114730000    22.2900000000    32.8700000000   144.9800000000  3394.9000000000     0.1406900000     0.8865900000     1.1460200000     0.2613100000     0.5073000000     0.1179600000     9.6000000000  ]
X_mu    = [  17.5197752809    22.3738764045   115.5983146067   981.8612359551     0.1024432022     0.1424576966     0.1569560674     0.0872681461     0.1915213483     0.0625285393     0.6093421348     1.2706101124     4.3144101124    71.6407865169     0.0067807022     0.0312590618     0.0409491011     0.0151741236     0.0202963596     0.0039658315    21.1602808989    30.2645505618   141.4549438202  1423.7129213483     0.1438112921     0.3638666854     0.4361808427     0.1795001685     0.3206404494     0.0902879775     2.8365168539  ]
