y_range =  124.0000000000
y_mu    =   47.0730337079
X_range = [  16.2700000000    27.3900000000   110.2000000000  1888.4000000000     0.0687800000     0.2653500000     0.4028200000     0.1808900000     0.1732000000     0.0471900000     1.6136000000     3.1409000000    12.1270000000   302.0100000000     0.0283040000     0.1280530000     0.1328600000     0.0340960000     0.0525280000     0.0114730000    22.2900000000    32.8700000000   147.1000000000  3394.9000000000     0.1406900000     1.0066900000     1.1460200000     0.2613100000     0.5073000000     0.1524600000     9.6000000000  ]
X_mu    = [  17.3256179775    22.2901123596   114.2210112360   961.2926966292     0.1022251124     0.1406271910     0.1529198876     0.0849306180     0.1920202247     0.0626350562     0.5959101124     1.2708803371     4.1804831461    69.2125842697     0.0067949438     0.0309937303     0.0401169663     0.0148629157     0.0202451798     0.0039998090    20.9311235955    30.2366292135   139.4744943820  1393.7544943820     0.1437201124     0.3621346067     0.4306779775     0.1764004494     0.3210275281     0.0910800000     2.8359550562  ]
