y_range =  124.0000000000
y_mu    =   47.6685393258
X_range = [  16.2700000000    28.9000000000   110.2000000000  1888.4000000000     0.0697300000     0.2653500000     0.4028200000     0.1808900000     0.1732000000     0.0471900000     1.6252000000     3.0541000000    12.1270000000   302.0100000000     0.0284630000     0.1269780000     0.1327900000     0.0340960000     0.0525280000     0.0112740000    22.2900000000    32.8700000000   147.1000000000  3394.9000000000     0.1406900000     1.0066900000     1.1460200000     0.2613100000     0.5073000000     0.1524600000     9.6000000000  ]
X_mu    = [  17.3635393258    22.3061797753   114.4985955056   964.5932584270     0.1029447753     0.1425797753     0.1558060112     0.0865288764     0.1935252809     0.0627411236     0.6045960674     1.2778955056     4.2524719101    70.1238764045     0.0068355056     0.0314803483     0.0411185393     0.0151400056     0.0207106292     0.0040333652    20.9441011236    30.1971348315   139.8351685393  1392.9831460674     0.1443045506     0.3662646629     0.4371207303     0.1787406180     0.3241483146     0.0911239326     2.8438202247  ]
