y_range =  124.0000000000
y_mu    =   46.3483146067
X_range = [  16.2700000000    28.9000000000   110.2000000000  1888.4000000000     0.0697300000     0.2653500000     0.4028200000     0.1808900000     0.1616000000     0.0471900000     1.6136000000     3.1409000000    12.1270000000   302.0100000000     0.0206630000     0.0932530000     0.1168600000     0.0314260000     0.0525280000     0.0102130000    22.2900000000    32.8700000000   147.1000000000  3394.9000000000     0.1364900000     1.0066900000     1.1460200000     0.2613100000     0.5073000000     0.1524600000     9.6000000000  ]
X_mu    = [  17.4641573034    22.1339325843   115.1887078652   975.6022471910     0.1024579775     0.1419273596     0.1548080337     0.0868376404     0.1921898876     0.0625535955     0.6058679775     1.2517297753     4.2771011236    70.2526966292     0.0066019888     0.0297990449     0.0390440449     0.0149078034     0.0201790562     0.0038517528    21.0788764045    29.9256179775   140.6576404494  1409.7702247191     0.1433860112     0.3591059551     0.4306038764     0.1788721910     0.3216724719     0.0902848876     2.8831460674  ]
