y_range =  122.0000000000
y_mu    =   46.7471910112
X_range = [  16.1400000000    28.9000000000   108.8000000000  1888.4000000000     0.0697300000     0.2653500000     0.4028200000     0.1808900000     0.1732000000     0.0471900000     1.6252000000     3.1409000000    12.1270000000   302.0100000000     0.0284630000     0.1280530000     0.1328600000     0.0340960000     0.0525280000     0.0114730000    21.8900000000    32.8700000000   147.1000000000  3394.9000000000     0.1406900000     1.0066900000     1.0810200000     0.2613100000     0.5073000000     0.1524600000     9.6000000000  ]
X_mu    = [  17.4943258427    22.1790449438   115.3621348315   978.2106741573     0.1026264607     0.1424495506     0.1572430337     0.0874427528     0.1922623596     0.0626025281     0.6038314607     1.2556140449     4.2379719101    70.7436516854     0.0066736685     0.0307570225     0.0405560112     0.0150200730     0.0200435506     0.0039672079    21.1148876404    29.9577528090   140.7225280899  1416.9837078652     0.1435966854     0.3630228090     0.4370471348     0.1792553371     0.3214483146     0.0906435955     2.8730337079  ]
