y_range =  124.0000000000
y_mu    =   45.8146067416
X_range = [  16.2700000000    28.9000000000   110.2000000000  1888.4000000000     0.0697300000     0.2653500000     0.4028200000     0.1808900000     0.1732000000     0.0321800000     1.6252000000     3.1409000000    12.1270000000   302.0100000000     0.0284630000     0.1280530000     0.1328600000     0.0340960000     0.0525280000     0.0114730000    22.2900000000    32.8700000000   147.1000000000  3394.9000000000     0.1406900000     1.0066900000     1.1460200000     0.2613100000     0.4209000000     0.1524600000     9.6000000000  ]
X_mu    = [  17.4858988764    22.2914606742   115.3126966292   979.1308988764     0.1023293258     0.1410525281     0.1556011798     0.0868460674     0.1926297753     0.0623739888     0.6116359551     1.2716938202     4.3210393258    71.9106179775     0.0067769944     0.0306032022     0.0408096629     0.0151729944     0.0207396180     0.0039233876    21.1208426966    30.1821910112   141.0050000000  1421.5258426966     0.1434202809     0.3582289888     0.4342448876     0.1782575843     0.3240797753     0.0899083146     2.8853932584  ]
