y_range =  124.0000000000
y_mu    =   47.4044943820
X_range = [  16.2700000000    23.4900000000   110.2000000000  1888.4000000000     0.0697300000     0.2653500000     0.4028200000     0.1808900000     0.1616000000     0.0471900000     1.6252000000     3.1409000000    12.1270000000   239.8100000000     0.0206630000     0.1280530000     0.1168600000     0.0314260000     0.0525280000     0.0104340000    20.2900000000    32.8700000000   144.2000000000  2923.9000000000     0.1406900000     1.0066900000     1.1460200000     0.2613100000     0.5073000000     0.1524600000     9.6000000000  ]
X_mu    = [  17.4020786517    22.2512359551   114.7875280899   968.8887640449     0.1028045506     0.1426588764     0.1558575843     0.0869270225     0.1937780899     0.0627417978     0.6041084270     1.2865657303     4.2708370787    70.1343820225     0.0066657303     0.0309798820     0.0402113483     0.0150097809     0.0206229888     0.0039692865    20.9845505618    30.2160112360   140.0671910112  1399.2876404494     0.1438214045     0.3648211236     0.4346336517     0.1780379213     0.3240438202     0.0910494944     2.8966292135  ]
