y_range =  124.0000000000
y_mu    =   46.8820224719
X_range = [  16.2700000000    28.9000000000   110.2000000000  1888.4000000000     0.0697300000     0.2653500000     0.4028200000     0.1808900000     0.1254000000     0.0470000000     1.6252000000     3.1409000000    12.1270000000   302.0100000000     0.0206630000     0.1280530000     0.1168600000     0.0250660000     0.0525280000     0.0106330000    22.2900000000    32.8700000000   147.1000000000  3394.9000000000     0.1406900000     1.0066900000     1.1460200000     0.2613100000     0.5073000000     0.1524600000     9.6000000000  ]
X_mu    = [  17.4445505618    22.3993820225   115.1283146067   975.4556179775     0.1029571348     0.1442349438     0.1589286517     0.0876637640     0.1928292135     0.0629247753     0.6030696629     1.2690949438     4.2483483146    70.6483707865     0.0066489494     0.0313890000     0.0405887640     0.0147207921     0.0204359101     0.0039679775    21.1464044944    30.4507303371   141.2008988764  1424.6730337079     0.1446206742     0.3728801124     0.4460807865     0.1801896067     0.3254808989     0.0917062921     2.8421348315  ]
