y_range =  124.0000000000
y_mu    =   46.6123595506
X_range = [  16.2700000000    28.9000000000   110.2000000000  1888.4000000000     0.0697300000     0.2653500000     0.4028200000     0.1808900000     0.1347000000     0.0471900000     1.6252000000     3.1409000000    12.1270000000   302.0100000000     0.0284630000     0.1269780000     0.1327900000     0.0340960000     0.0525280000     0.0114730000    22.2900000000    32.8700000000   147.1000000000  3394.9000000000     0.1406900000     1.0066900000     1.1460200000     0.2613100000     0.5073000000     0.1524600000     9.6000000000  ]
X_mu    = [  17.3913483146    22.3723033708   114.6288202247   968.1966292135     0.1027853933     0.1405019663     0.1545994944     0.0862134831     0.1914971910     0.0624707865     0.6076494382     1.2904792135     4.2818820225    70.8614606742     0.0068487640     0.0307485000     0.0403410674     0.0150485449     0.0205253483     0.0039323146    20.9934269663    30.3185393258   139.9934269663  1402.6129213483     0.1441989326     0.3569770225     0.4292066854     0.1766653371     0.3205679775     0.0899505056     2.8426966292  ]
