y_range =  124.0000000000
y_mu    =   47.4044943820
X_range = [  16.2700000000    28.9000000000   110.2000000000  1878.9000000000     0.0687800000     0.2653500000     0.4028200000     0.1741600000     0.1732000000     0.0471900000     1.6252000000     3.1409000000    12.1270000000   301.5100000000     0.0283040000     0.1280530000     0.1328600000     0.0340960000     0.0525280000     0.0114730000    22.2900000000    32.8700000000   147.1000000000  3389.0000000000     0.1406900000     1.0066900000     1.1460200000     0.2613100000     0.5073000000     0.1524600000     9.6000000000  ]
X_mu    = [  17.4175280899    22.2723033708   114.8504494382   969.4752808989     0.1025224157     0.1422334270     0.1543995506     0.0864108989     0.1932022472     0.0626671348     0.6134382022     1.2593146067     4.3208651685    71.3428651685     0.0067727022     0.0310319663     0.0404437079     0.0151998933     0.0208249551     0.0039979382    21.0328089888    29.9649438202   140.3707865169  1404.5769662921     0.1433247753     0.3608520225     0.4304538764     0.1781880899     0.3233410112     0.0906082022     2.8651685393  ]
