y_range =  122.0000000000
y_mu    =   45.6348314607
X_range = [  16.2700000000    27.3900000000   110.2000000000  1888.4000000000     0.0697300000     0.2406500000     0.4028200000     0.1808900000     0.1732000000     0.0471900000     1.6136000000     3.1409000000    12.1270000000   302.0100000000     0.0284630000     0.1280530000     0.1328600000     0.0339730000     0.0525280000     0.0114730000    22.2900000000    32.8700000000   147.1000000000  3394.9000000000     0.1406900000     1.0066900000     1.0810200000     0.2613100000     0.5073000000     0.1524600000     9.6000000000  ]
X_mu    = [  17.3590449438    22.3276966292   114.4125280899   964.3207865169     0.1026131461     0.1402286517     0.1524362360     0.0853993820     0.1921842697     0.0624920787     0.5929235955     1.2636089888     4.1676573034    68.7155617978     0.0067747753     0.0305975562     0.0400134831     0.0149205899     0.0205600112     0.0039366348    20.9094943820    30.1434269663   139.4216853933  1390.0882022472     0.1438955618     0.3568846067     0.4260550000     0.1762470225     0.3221511236     0.0902411236     2.8724719101  ]
