y_range =  122.0000000000
y_mu    =   46.0449438202
X_range = [  16.2700000000    27.3900000000   110.2000000000  1888.4000000000     0.0697300000     0.2653500000     0.4028200000     0.1808900000     0.1370000000     0.0471900000     1.6136000000     3.1409000000    12.1270000000   302.0100000000     0.0284630000     0.1280530000     0.1328600000     0.0340960000     0.0525280000     0.0114730000    22.2900000000    32.8700000000   147.1000000000  3394.9000000000     0.1364900000     1.0066900000     1.1460200000     0.2613100000     0.5073000000     0.1524600000     9.6000000000  ]
X_mu    = [  17.5114044944    22.4662359551   115.4827528090   981.8915730337     0.1023063483     0.1416072472     0.1564267978     0.0868169101     0.1921314607     0.0625803933     0.6111415730     1.2715707865     4.3064775281    71.3870786517     0.0068147416     0.0311093820     0.0410991011     0.0151798090     0.0206940562     0.0039936798    21.0982584270    30.2038764045   140.7295505618  1416.5207865169     0.1429000562     0.3582323596     0.4336302809     0.1775806180     0.3209269663     0.0904689888     2.8415730337  ]
