y_range =  124.0000000000
y_mu    =   46.6460674157
X_range = [  16.1400000000    28.9000000000   108.8000000000  1888.4000000000     0.0697300000     0.2653500000     0.4028200000     0.1808900000     0.1732000000     0.0471900000     1.6252000000     3.1409000000    12.1270000000   302.0100000000     0.0284630000     0.0932530000     0.1328600000     0.0340960000     0.0517480000     0.0114730000    21.8900000000    28.7400000000   147.1000000000  3394.9000000000     0.1406900000     1.0066900000     1.1460200000     0.2613100000     0.5073000000     0.1524600000     9.6000000000  ]
X_mu    = [  17.4499438202    22.1595505618   115.1167977528   975.0483146067     0.1026390449     0.1416623596     0.1559834831     0.0865504494     0.1914353933     0.0625494944     0.6014196629     1.2543561798     4.2465449438    69.9639325843     0.0067208820     0.0306743483     0.0398201685     0.0148583652     0.0199792416     0.0039517472    21.0589887640    29.8763483146   140.6586516854  1410.1067415730     0.1433594382     0.3610149438     0.4318886517     0.1773154494     0.3194084270     0.0904719101     2.8297752809  ]
