y_range =  124.0000000000
y_mu    =   45.0224719101
X_range = [  16.2700000000    28.9000000000   110.2000000000  1888.4000000000     0.0697300000     0.2653500000     0.4028200000     0.1808900000     0.1347000000     0.0471900000     1.6252000000     3.1409000000    12.1270000000   302.0100000000     0.0284630000     0.1280530000     0.1328600000     0.0340960000     0.0525280000     0.0114730000    22.2900000000    32.8700000000   147.1000000000  3394.9000000000     0.1364900000     1.0066900000     1.1460200000     0.2613100000     0.5073000000     0.1524600000     9.6000000000  ]
X_mu    = [  17.5358988764    22.5115168539   115.7128089888   983.7213483146     0.1020173034     0.1427801124     0.1563867978     0.0867675843     0.1911095506     0.0624144944     0.6040674157     1.2539932584     4.2618820225    71.1129775281     0.0066474775     0.0314325843     0.0408863483     0.0149324438     0.0201997303     0.0039366180    21.1717415730    30.3471348315   141.3670224719  1426.3949438202     0.1429303933     0.3669767416     0.4381291573     0.1782665730     0.3202235955     0.0902873034     2.8578651685  ]
