y_range =  124.0000000000
y_mu    =   46.3370786517
X_range = [  14.7800000000    21.9800000000   102.3000000000  1648.4000000000     0.0697300000     0.2653500000     0.3999500000     0.1808900000     0.1370000000     0.0471900000     1.6252000000     3.1409000000    12.1270000000   302.0100000000     0.0284630000     0.1280530000     0.1328600000     0.0340960000     0.0506270000     0.0114730000    22.2900000000    32.8700000000   147.1000000000  3394.9000000000     0.1406900000     0.9782600000     1.1088000000     0.2245500000     0.5035000000     0.1510600000     9.6000000000  ]
X_mu    = [  17.2961235955    22.1581460674   114.0674719101   957.3095505618     0.1027367978     0.1418564045     0.1544371910     0.0855669663     0.1927168539     0.0627686517     0.5876443820     1.2701741573     4.1241179775    67.9834269663     0.0068567360     0.0308497191     0.0406884831     0.0150074719     0.0207811798     0.0039761517    20.8300000000    30.1271348315   138.8911235955  1380.2426966292     0.1447137079     0.3637064607     0.4361365730     0.1771070787     0.3258308989     0.0910084270     2.8258426966  ]
