y_range =  124.0000000000
y_mu    =   48.1404494382
X_range = [  16.2700000000    28.9000000000   110.2000000000  1888.4000000000     0.0697300000     0.2653500000     0.4028200000     0.1781300000     0.1732000000     0.0471900000     1.6252000000     3.1409000000    11.9460000000   302.0100000000     0.0284630000     0.1280530000     0.1328600000     0.0340960000     0.0525280000     0.0114730000    22.2900000000    32.8700000000   147.1000000000  3394.9000000000     0.1406900000     1.0066900000     1.0810200000     0.2613100000     0.5073000000     0.1524600000     9.6000000000  ]
X_mu    = [  17.4576404494    22.1774157303   115.0660674157   975.0775280899     0.1028403933     0.1411852809     0.1554884270     0.0868101685     0.1926162921     0.0625956180     0.6061567416     1.2786050562     4.2505786517    70.5379775281     0.0068361910     0.0306520225     0.0404737079     0.0151493034     0.0205358539     0.0039855281    21.0216292135    30.0258426966   140.0896629213  1403.6859550562     0.1442601685     0.3586138202     0.4311364607     0.1787862360     0.3232578652     0.0905169101     2.8657303371  ]
