y_range =  124.0000000000
y_mu    =   46.5337078652
X_range = [  14.7800000000    28.9000000000   102.3000000000  1648.4000000000     0.0675300000     0.2600900000     0.3339200000     0.1709900000     0.1732000000     0.0471900000     1.6252000000     3.1409000000    12.1270000000   302.0100000000     0.0284630000     0.1280530000     0.1328600000     0.0340960000     0.0525280000     0.0114730000    22.2900000000    32.8700000000   147.1000000000  3394.9000000000     0.1406900000     1.0066900000     1.1460200000     0.2466100000     0.5073000000     0.1524600000     9.6000000000  ]
X_mu    = [  17.3380337079    22.1761797753   114.3049438202   961.3904494382     0.1024387079     0.1420210112     0.1542337640     0.0856916854     0.1931342697     0.0628118539     0.6045443820     1.2392820225     4.2396685393    70.1589325843     0.0066453933     0.0307296067     0.0400176966     0.0149391910     0.0205225393     0.0039643933    21.0200561798    30.0232022472   140.2323595506  1404.4292134831     0.1440888202     0.3664151685     0.4367358989     0.1784522472     0.3264421348     0.0912839326     2.7146067416  ]
