y_range =  122.0000000000
y_mu    =   46.9382022472
X_range = [  16.2700000000    28.9000000000   110.2000000000  1888.4000000000     0.0697300000     0.2653500000     0.4028200000     0.1808900000     0.1732000000     0.0471900000     1.6252000000     3.1409000000    12.1270000000   302.0100000000     0.0284630000     0.1280530000     0.1328600000     0.0340960000     0.0525280000     0.0114730000    22.2900000000    32.8700000000   144.9800000000  3394.9000000000     0.1406900000     1.0066900000     1.1460200000     0.2613100000     0.5073000000     0.1524600000     9.6000000000  ]
X_mu    = [  17.4215730337    22.2766292135   114.9092696629   972.4578651685     0.1028044944     0.1429482022     0.1562356742     0.0870918539     0.1923202247     0.0628332022     0.6062449438     1.2731584270     4.2570224719    70.9771910112     0.0067832416     0.0311011236     0.0404849438     0.0150745562     0.0205028202     0.0040163427    21.0029775281    30.1853370787   140.0677528090  1405.9331460674     0.1439405056     0.3633574157     0.4346212921     0.1782233146     0.3220528090     0.0910562921     2.8342696629  ]
