y_range =  124.0000000000
y_mu    =   47.3314606742
X_range = [  16.2700000000    28.9000000000   110.2000000000  1888.4000000000     0.0697300000     0.2653500000     0.4028200000     0.1808900000     0.1732000000     0.0471900000     1.6252000000     2.7579000000    12.1270000000   239.8100000000     0.0284630000     0.1280530000     0.1328600000     0.0340960000     0.0525280000     0.0114730000    20.2800000000    32.8700000000   135.7000000000  2707.9000000000     0.1406900000     1.0066900000     1.1460200000     0.2613100000     0.5073000000     0.1524600000     9.6000000000  ]
X_mu    = [  17.2691011236    22.1739887640   113.8866292135   952.2146067416     0.1027652809     0.1424184831     0.1544026404     0.0855747191     0.1921674157     0.0628067978     0.5855606742     1.2471353933     4.1370674157    67.0448876404     0.0067662809     0.0311338202     0.0405134831     0.0150270112     0.0202293371     0.0040029101    20.7966292135    30.0293258427   138.7484831461  1369.2095505618     0.1445039888     0.3669031461     0.4382392697     0.1782912921     0.3231606742     0.0912906180     2.8792134831  ]
