y_range =  124.0000000000
y_mu    =   47.7247191011
X_range = [  16.2700000000    28.9000000000   110.2000000000  1888.4000000000     0.0697300000     0.2653500000     0.4028200000     0.1808900000     0.1732000000     0.0470000000     1.6136000000     3.1409000000    12.1270000000   302.0100000000     0.0284630000     0.1280530000     0.1328600000     0.0340960000     0.0525280000     0.0114730000    22.2900000000    32.8700000000   147.1000000000  3394.9000000000     0.1406900000     1.0066900000     1.1460200000     0.2613100000     0.5073000000     0.1524600000     9.6000000000  ]
X_mu    = [  17.5516292135    22.2982022472   115.7998314607   985.8342696629     0.1026696629     0.1431048315     0.1569045506     0.0875114607     0.1918269663     0.0626188202     0.6218831461     1.2689960674     4.3958033708    72.9552808989     0.0068626461     0.0318456629     0.0412971348     0.0153584382     0.0203850112     0.0040342640    21.2206179775    30.0911797753   141.8212359551  1431.9050561798     0.1438191573     0.3672879775     0.4356830899     0.1796452247     0.3188752809     0.0906148876     2.9112359551  ]
