y_range =  124.0000000000
y_mu    =   46.4719101124
X_range = [  16.2700000000    28.9000000000   110.2000000000  1888.4000000000     0.0697300000     0.2653500000     0.4028200000     0.1808900000     0.1370000000     0.0471900000     1.6252000000     3.1409000000    11.9460000000   302.0100000000     0.0284630000     0.1280530000     0.1328600000     0.0340960000     0.0517480000     0.0114730000    22.2900000000    32.8700000000   147.1000000000  3394.9000000000     0.1245300000     1.0066900000     1.1460200000     0.2613100000     0.5073000000     0.1524600000     9.6000000000  ]
X_mu    = [  17.3538764045    22.3315730337   114.4917977528   963.4415730337     0.1026445506     0.1432761236     0.1570676404     0.0863641011     0.1923044944     0.0627455618     0.5936797753     1.2593735955     4.1960168539    68.8528089888     0.0066908596     0.0315887303     0.0408935393     0.0149308202     0.0204391685     0.0039725000    20.9894382022    30.2631460674   140.2402247191  1402.1691011236     0.1435442135     0.3698312360     0.4413482022     0.1794228652     0.3242960674     0.0911455056     2.8230337079  ]
