y_range =  122.0000000000
y_mu    =   47.2696629213
X_range = [  16.2700000000    28.9000000000   110.2000000000  1888.4000000000     0.0687800000     0.2406500000     0.4028200000     0.1808900000     0.1732000000     0.0471900000     1.6252000000     3.1409000000    12.1270000000   239.8100000000     0.0283040000     0.1280530000     0.1328600000     0.0340960000     0.0517480000     0.0114730000    20.2900000000    32.8700000000   144.2000000000  2923.9000000000     0.1406900000     0.8865900000     1.1460200000     0.2613100000     0.5073000000     0.1179600000     9.6000000000  ]
X_mu    = [  17.4129213483    22.3955617978   114.8197191011   970.2033707865     0.1028580899     0.1417109551     0.1549114607     0.0866146067     0.1925325843     0.0626839326     0.5968831461     1.2655426966     4.1952528090    69.0430337079     0.0067877191     0.0306950618     0.0399227528     0.0149993820     0.0203921461     0.0039386461    20.9948314607    30.2374157303   140.0832022472  1400.4876404494     0.1444646629     0.3616138202     0.4313151124     0.1789125281     0.3219679775     0.0905350000     2.8393258427  ]
