y_range =  124.0000000000
y_mu    =   46.6853932584
X_range = [  16.1400000000    28.9000000000   108.8000000000  1888.4000000000     0.0697300000     0.2653500000     0.4028200000     0.1808900000     0.1732000000     0.0471900000     1.6252000000     3.1409000000    12.1270000000   302.0100000000     0.0284630000     0.1280530000     0.1328600000     0.0340960000     0.0525280000     0.0114730000    21.8900000000    32.8700000000   147.1000000000  3394.9000000000     0.1364900000     1.0066900000     1.1460200000     0.2466100000     0.5073000000     0.1524600000     9.6000000000  ]
X_mu    = [  17.3404494382    22.2521348315   114.3916853933   962.8792134831     0.1029438764     0.1430437640     0.1576298315     0.0870437640     0.1930314607     0.0627859551     0.6030792135     1.2774573034     4.2605561798    70.0602808989     0.0068250618     0.0315035955     0.0412505056     0.0152567079     0.0209215843     0.0040186629    20.8992134831    30.1278651685   139.5856179775  1390.5151685393     0.1438270225     0.3659340449     0.4381241011     0.1789845506     0.3244595506     0.0911147753     2.7876404494  ]
