y_range =  122.0000000000
y_mu    =   47.0505617978
X_range = [  16.2700000000    21.9800000000   110.2000000000  1888.4000000000     0.0697300000     0.2406500000     0.4028200000     0.1808900000     0.1732000000     0.0471900000     1.6252000000     3.1409000000    12.1270000000   302.0100000000     0.0284630000     0.1280530000     0.1328600000     0.0340960000     0.0525280000     0.0114730000    22.2900000000    32.8700000000   147.1000000000  3394.9000000000     0.1406900000     1.0066900000     1.1460200000     0.2613100000     0.5073000000     0.1524600000     9.6000000000  ]
X_mu    = [  17.2626966292    22.1002808989   113.7989887640   953.7691011236     0.1029895506     0.1405283708     0.1541555056     0.0856757303     0.1920814607     0.0627012921     0.5924426966     1.2583691011     4.1576067416    68.5273033708     0.0067957865     0.0306773596     0.0403848315     0.0149748596     0.0205958539     0.0039681404    20.7656741573    29.8893258427   138.3958426966  1371.6106741573     0.1440674719     0.3590379775     0.4318285955     0.1764884831     0.3226247191     0.0905776404     2.8735955056  ]
