y_range =  124.0000000000
y_mu    =   48.2415730337
X_range = [  16.2700000000    28.9000000000   110.2000000000  1888.4000000000     0.0697300000     0.2653500000     0.4028200000     0.1808900000     0.1732000000     0.0471900000     1.6252000000     3.1409000000    12.1270000000   302.0100000000     0.0284630000     0.1280530000     0.1328600000     0.0340960000     0.0525280000     0.0114730000    22.2900000000    32.8700000000   147.1000000000  3394.9000000000     0.1406900000     1.0066900000     1.1460200000     0.2613100000     0.5073000000     0.1524600000     9.6000000000  ]
X_mu    = [  17.3479213483    22.0348314607   114.3843258427   963.8949438202     0.1026862360     0.1418005056     0.1545610112     0.0860341011     0.1930056180     0.0626751685     0.6078910112     1.2724556180     4.2693314607    70.8360674157     0.0067415225     0.0311221910     0.0400291573     0.0150170112     0.0206174663     0.0040047584    20.9812921348    29.8689887640   139.8848876404  1401.1353932584     0.1437309551     0.3628110112     0.4310729775     0.1772575843     0.3242241573     0.0907620787     2.7522471910  ]
