y_range =  124.0000000000
y_mu    =   46.1292134831
X_range = [  16.2700000000    28.9000000000   110.2000000000  1888.4000000000     0.0697300000     0.2653500000     0.4028200000     0.1808900000     0.1732000000     0.0471900000     1.6252000000     3.1409000000    11.9460000000   302.0100000000     0.0284630000     0.1280530000     0.1328600000     0.0340960000     0.0525280000     0.0112740000    22.2900000000    32.8700000000   147.1000000000  3394.9000000000     0.1406900000     1.0066900000     1.1460200000     0.2613100000     0.5073000000     0.1524600000     9.6000000000  ]
X_mu    = [  17.3914044944    22.3906179775   114.8366853933   968.5764044944     0.1032825281     0.1455301685     0.1605260112     0.0882505056     0.1933617978     0.0630892135     0.6035747191     1.2689769663     4.2732022472    70.1533146067     0.0068063258     0.0321096236     0.0416124157     0.0151009270     0.0207368652     0.0040714045    21.0028651685    30.3230898876   140.5093258427  1402.2870786517     0.1446431461     0.3745784270     0.4462897753     0.1806025281     0.3249825843     0.0919424719     2.8438202247  ]
