y_range =  124.0000000000
y_mu    =   45.6292134831
X_range = [  16.2700000000    28.9000000000   110.2000000000  1888.4000000000     0.0697300000     0.2653500000     0.4028200000     0.1808900000     0.1370000000     0.0471900000     1.5362000000     3.1409000000    10.4070000000   302.0100000000     0.0284630000     0.1280530000     0.1328600000     0.0340960000     0.0525280000     0.0114730000    22.2900000000    32.8700000000   147.1000000000  3394.9000000000     0.1406900000     1.0066900000     1.1460200000     0.2613100000     0.5073000000     0.1524600000     9.6000000000  ]
X_mu    = [  17.4339887640    22.2954494382   115.0125842697   972.6230337079     0.1026700562     0.1438357303     0.1577734831     0.0867921910     0.1933921348     0.0628060674     0.5972640449     1.2423747191     4.2000786517    69.9935393258     0.0066874326     0.0312913483     0.0411394944     0.0149476685     0.0203762472     0.0039885056    21.0680898876    30.1551685393   140.5975280899  1412.7353932584     0.1440303933     0.3711166292     0.4442527528     0.1789075843     0.3255612360     0.0915657303     2.9011235955  ]
