y_range =  124.0000000000
y_mu    =   48.4494382022
X_range = [  16.2700000000    28.9000000000   110.2000000000  1888.4000000000     0.0687800000     0.2653500000     0.4028200000     0.1808900000     0.1732000000     0.0471900000     1.5246000000     3.1409000000    10.4070000000   302.0100000000     0.0283040000     0.1280530000     0.1328600000     0.0340960000     0.0525280000     0.0114730000    22.2900000000    32.8700000000   147.1000000000  3394.9000000000     0.1406900000     1.0066900000     1.1460200000     0.2613100000     0.5073000000     0.1524600000     9.6000000000  ]
X_mu    = [  17.4150000000    22.2808988764   114.8855056180   970.5337078652     0.1029421910     0.1435325281     0.1577583146     0.0871046629     0.1935056180     0.0628882584     0.5925915730     1.2579539326     4.1562303371    68.6509550562     0.0068118652     0.0312481124     0.0408980337     0.0149381067     0.0205112303     0.0040265899    21.0392134831    30.2350000000   140.2216853933  1407.7634831461     0.1449420225     0.3686846067     0.4432324719     0.1799717978     0.3256050562     0.0916989326     2.8848314607  ]
