y_range =  124.0000000000
y_mu    =   45.3988764045
X_range = [  16.2700000000    27.3900000000   110.2000000000  1888.4000000000     0.0697300000     0.2653500000     0.4028200000     0.1808900000     0.1732000000     0.0471900000     1.6136000000     3.1409000000    12.1270000000   302.0100000000     0.0284630000     0.1280530000     0.1328600000     0.0340960000     0.0525280000     0.0114730000    22.2900000000    30.4900000000   147.1000000000  3394.9000000000     0.1406900000     1.0066900000     1.1460200000     0.2613100000     0.5073000000     0.1524600000     9.6000000000  ]
X_mu    = [  17.5325280899    22.2584269663   115.6635955056   983.1089887640     0.1026948315     0.1427055056     0.1578939326     0.0877029213     0.1922674157     0.0625781461     0.6187494382     1.2687882022     4.3501966292    72.3708988764     0.0067866742     0.0312594382     0.0412527528     0.0152181404     0.0207058708     0.0039896854    21.1651123596    29.9923595506   141.2655056180  1423.0011235955     0.1433242135     0.3609986517     0.4362993820     0.1783817416     0.3218398876     0.0900812921     2.8561797753  ]
