y_range =  124.0000000000
y_mu    =   47.1573033708
X_range = [  14.7800000000    28.9000000000   102.3000000000  1648.4000000000     0.0687800000     0.2653500000     0.4028200000     0.1808900000     0.1732000000     0.0471900000     1.6252000000     3.1409000000    11.9460000000   302.0100000000     0.0283040000     0.1280530000     0.1328600000     0.0340960000     0.0525280000     0.0114730000    22.2900000000    32.8700000000   147.1000000000  3394.9000000000     0.1406900000     0.8865900000     1.1460200000     0.2613100000     0.5073000000     0.1179600000     9.6000000000  ]
X_mu    = [  17.4096629213    22.3733146067   114.8106741573   967.9668539326     0.1027343258     0.1426351685     0.1560263483     0.0871986517     0.1934983146     0.0627248315     0.6147926966     1.2874404494     4.3339269663    71.5635393258     0.0068224101     0.0311503371     0.0405825843     0.0152565730     0.0207774831     0.0040075787    21.0483707865    30.2507865169   140.5360112360  1406.5561797753     0.1437955618     0.3619413483     0.4301645506     0.1793026966     0.3229971910     0.0903964045     2.8455056180  ]
