y_range =  124.0000000000
y_mu    =   47.9382022472
X_range = [  16.2700000000    28.9000000000   110.2000000000  1878.9000000000     0.0687800000     0.2653500000     0.4028200000     0.1808900000     0.1732000000     0.0471900000     1.5362000000     2.7579000000    10.4070000000   301.5100000000     0.0283040000     0.1280530000     0.1328600000     0.0340960000     0.0525280000     0.0114730000    22.2900000000    32.5000000000   147.1000000000  3389.0000000000     0.1406900000     1.0066900000     1.1460200000     0.2613100000     0.5073000000     0.1524600000     9.6000000000  ]
X_mu    = [  17.2289325843    22.2293820225   113.6156741573   949.9230337079     0.1028263483     0.1423724157     0.1541896067     0.0853880899     0.1925786517     0.0629255056     0.5898247191     1.2490404494     4.1457808989    68.3448314607     0.0067468371     0.0312467079     0.0400980899     0.0147533146     0.0202551798     0.0039903539    20.9142134831    30.2179775281   139.4342696629  1393.2977528090     0.1447880899     0.3688160674     0.4381403371     0.1784431461     0.3251988764     0.0916201124     2.8943820225  ]
