y_range =  124.0000000000
y_mu    =   47.1573033708
X_range = [  16.2700000000    28.9000000000   110.2000000000  1878.9000000000     0.0697300000     0.2653500000     0.4028200000     0.1808900000     0.1370000000     0.0471900000     1.6252000000     2.6711000000    12.1270000000   301.5100000000     0.0284630000     0.1269780000     0.1310800000     0.0339730000     0.0525280000     0.0114730000    22.2900000000    32.8700000000   147.1000000000  3389.0000000000     0.1406900000     1.0066900000     1.1460200000     0.2466100000     0.5073000000     0.1524600000     9.6000000000  ]
X_mu    = [  17.4559550562    22.1871910112   115.1492134831   974.9483146067     0.1029367416     0.1425485393     0.1572135393     0.0872812360     0.1928275281     0.0626296629     0.6070752809     1.2699988764     4.2871292135    70.9135955056     0.0068022247     0.0314194888     0.0411565730     0.0151336685     0.0207914157     0.0040070169    21.0771348315    30.0462921348   140.7370786517  1411.8601123596     0.1438927528     0.3645461236     0.4393156742     0.1792432584     0.3248179775     0.0907606742     2.8696629213  ]
