y_range =  124.0000000000
y_mu    =   46.3483146067
X_range = [  16.2700000000    28.9000000000   110.2000000000  1888.4000000000     0.0697300000     0.2653500000     0.4028200000     0.1808900000     0.1732000000     0.0471900000     1.6252000000     3.1409000000    12.1270000000   302.0100000000     0.0284630000     0.1269780000     0.1327900000     0.0340960000     0.0525280000     0.0114730000    22.2900000000    32.8700000000   147.1000000000  3394.9000000000     0.1406900000     1.0066900000     1.1460200000     0.2613100000     0.5073000000     0.1524600000     9.6000000000  ]
X_mu    = [  17.4116853933    22.1689325843   114.8988764045   968.7275280899     0.1026823034     0.1438296067     0.1580838764     0.0867393258     0.1934662921     0.0626954494     0.6008584270     1.2531359551     4.2410786517    70.2305056180     0.0066488989     0.0315524888     0.0413106180     0.0149557809     0.0204832135     0.0040075000    21.0270224719    29.9972471910   140.4966853933  1403.4533707865     0.1439157865     0.3704601685     0.4443201685     0.1785855618     0.3250387640     0.0911085955     2.8426966292  ]
