y_range =  124.0000000000
y_mu    =   47.3089887640
X_range = [  16.2700000000    28.9000000000   110.2000000000  1888.4000000000     0.0687800000     0.2653500000     0.4028200000     0.1738100000     0.1732000000     0.0471900000     1.6252000000     3.1409000000    12.1270000000   302.0100000000     0.0283040000     0.1280530000     0.1328600000     0.0340960000     0.0525280000     0.0114730000    22.2900000000    32.8700000000   147.1000000000  3394.9000000000     0.1364900000     1.0066900000     1.1460200000     0.2613100000     0.5073000000     0.1524600000     9.6000000000  ]
X_mu    = [  17.3708988764    22.3293258427   114.6998314607   965.8303370787     0.1031248315     0.1449000000     0.1585795506     0.0877029213     0.1933910112     0.0629594944     0.6102280899     1.2789477528     4.3253820225    71.1748876404     0.0068421067     0.0318607303     0.0413408427     0.0152224270     0.0207051629     0.0040708090    20.9743258427    30.1388202247   140.3546067416  1399.1280898876     0.1444708427     0.3705969663     0.4415752247     0.1797060112     0.3235561798     0.0914357865     2.7567415730  ]
