y_range =  124.0000000000
y_mu    =   45.8033707865
X_range = [  16.1400000000    28.9000000000   108.8000000000  1888.4000000000     0.0697300000     0.2653500000     0.4028200000     0.1808900000     0.1732000000     0.0321800000     1.6252000000     3.1409000000    12.1270000000   302.0100000000     0.0284630000     0.1280530000     0.1328600000     0.0340960000     0.0525280000     0.0112740000    21.8900000000    30.4900000000   147.1000000000  3394.9000000000     0.1406900000     1.0066900000     1.1460200000     0.2613100000     0.4209000000     0.1524600000     9.6000000000  ]
X_mu    = [  17.5369662921    22.1665168539   115.7147752809   982.7146067416     0.1022091573     0.1433016854     0.1573050000     0.0873561236     0.1930882022     0.0624200562     0.6168848315     1.2445685393     4.3425056180    72.3265730337     0.0067367303     0.0314291517     0.0413640449     0.0152256517     0.0206763202     0.0039748539    21.2079213483    29.9011235955   141.7032022472  1428.8584269663     0.1429376966     0.3672716854     0.4395578090     0.1798542135     0.3245331461     0.0905189888     2.8191011236  ]
