y_range =  122.0000000000
y_mu    =   46.1741573034
X_range = [  16.2700000000    28.9000000000   110.2000000000  1888.4000000000     0.0687800000     0.2653500000     0.4028200000     0.1808900000     0.1370000000     0.0471900000     1.6252000000     3.0541000000    12.1270000000   302.0100000000     0.0283040000     0.1269780000     0.1327900000     0.0340960000     0.0525280000     0.0114730000    22.2900000000    32.8700000000   147.1000000000  3394.9000000000     0.1406900000     1.0066900000     1.1460200000     0.2613100000     0.5073000000     0.1524600000     9.6000000000  ]
X_mu    = [  17.5250000000    22.3128651685   115.6691011236   982.5252808989     0.1029164045     0.1449415169     0.1588599438     0.0880070787     0.1928522472     0.0627505618     0.6192028090     1.2808679775     4.3757865169    72.3959550562     0.0068218539     0.0321054101     0.0417491573     0.0154176124     0.0207817528     0.0040621180    21.1667977528    30.0974157303   141.4341011236  1424.3668539326     0.1437337640     0.3703534270     0.4410100562     0.1806884831     0.3212426966     0.0909298315     2.8842696629  ]
