y_range =  122.0000000000
y_mu    =   46.6348314607
X_range = [  16.2700000000    27.3900000000   110.2000000000  1888.4000000000     0.0697300000     0.2600900000     0.4028200000     0.1808900000     0.1732000000     0.0471900000     1.6252000000     3.1409000000    12.1270000000   302.0100000000     0.0284630000     0.1280530000     0.1328600000     0.0340960000     0.0525280000     0.0114730000    22.2900000000    32.8700000000   147.1000000000  3394.9000000000     0.1406900000     1.0066900000     1.1460200000     0.2466100000     0.5073000000     0.1524600000     9.6000000000  ]
X_mu    = [  17.4138764045    22.4277528090   114.8556741573   971.4511235955     0.1026493820     0.1420728090     0.1563296067     0.0864700000     0.1929370787     0.0626797753     0.5953483146     1.2785893258     4.2015112360    69.5157865169     0.0067485899     0.0310988764     0.0408069101     0.0149796236     0.0203698989     0.0040098034    20.9763483146    30.3668539326   139.9705617978  1401.2685393258     0.1439292697     0.3620370787     0.4343493820     0.1774623596     0.3236943820     0.0907300000     2.8280898876  ]
