y_range =  124.0000000000
y_mu    =   46.8764044944
X_range = [  16.2700000000    28.9000000000   110.2000000000  1888.4000000000     0.0665800000     0.2653500000     0.3339200000     0.1709900000     0.1732000000     0.0471900000     1.6252000000     3.1409000000    12.1270000000   302.0100000000     0.0283040000     0.1280530000     0.1328600000     0.0340960000     0.0525280000     0.0112740000    22.2900000000    32.8700000000   147.1000000000  3394.9000000000     0.1406900000     1.0066900000     1.1460200000     0.2613100000     0.5073000000     0.1524600000     9.6000000000  ]
X_mu    = [  17.3283707865    22.2926404494   114.3087078652   961.7511235955     0.1027274719     0.1426804494     0.1560732022     0.0865272472     0.1928882022     0.0628288764     0.6084191011     1.2663977528     4.2991573034    70.5771348315     0.0067925562     0.0313364213     0.0407380337     0.0151569213     0.0205719213     0.0039872022    21.0055056180    30.2220224719   140.3160674157  1404.8050561798     0.1445560674     0.3672817978     0.4366229213     0.1796060674     0.3234769663     0.0911826966     2.8432584270  ]
