y_range =  124.0000000000
y_mu    =   46.8202247191
X_range = [  16.2700000000    28.9000000000   110.2000000000  1888.4000000000     0.0687800000     0.2653500000     0.3999500000     0.1808900000     0.1732000000     0.0471900000     1.5362000000     3.1409000000    10.4070000000   302.0100000000     0.0283040000     0.1269780000     0.1327900000     0.0340960000     0.0506270000     0.0114730000    22.2900000000    32.5000000000   147.1000000000  3394.9000000000     0.1406900000     0.9782600000     1.1088000000     0.2245500000     0.5035000000     0.1510600000     9.6000000000  ]
X_mu    = [  17.4634269663    22.1378089888   115.2124157303   975.9528089888     0.1032133708     0.1440734270     0.1582109551     0.0881596067     0.1934758427     0.0628977528     0.6073910112     1.2564747191     4.2739269663    71.0323033708     0.0067495787     0.0315620955     0.0411769101     0.0151199775     0.0207236517     0.0040376854    21.1819101124    30.0785393258   141.3843820225  1426.1432584270     0.1449929213     0.3704775281     0.4450258989     0.1812391573     0.3257550562     0.0915168539     2.8853932584  ]
