y_range =  124.0000000000
y_mu    =   46.5786516854
X_range = [  16.2700000000    28.9000000000   110.2000000000  1888.4000000000     0.0697300000     0.2653500000     0.3999500000     0.1808900000     0.1616000000     0.0471900000     1.6252000000     3.1409000000    12.1270000000   302.0100000000     0.0206630000     0.0932530000     0.1168600000     0.0314260000     0.0506270000     0.0093030000    22.2900000000    32.8700000000   147.1000000000  3394.9000000000     0.1406900000     0.9782600000     1.1088000000     0.2245500000     0.4660000000     0.1510600000     9.6000000000  ]
X_mu    = [  17.4375280899    22.1292696629   115.0497752809   973.6292134831     0.1029764045     0.1426632022     0.1569413483     0.0875994382     0.1935747191     0.0626919101     0.6054157303     1.2379050562     4.2628988764    70.9687640449     0.0065776404     0.0299051685     0.0395476966     0.0147384551     0.0205456742     0.0038663596    21.1293820225    30.0192134831   141.1197752809  1420.7561797753     0.1446052809     0.3631761236     0.4377815169     0.1799424719     0.3259235955     0.0908313483     2.9117977528  ]
