y_range =  124.0000000000
y_mu    =   46.8426966292
X_range = [  16.2700000000    28.9000000000   110.2000000000  1888.4000000000     0.0697300000     0.2653500000     0.4028200000     0.1808900000     0.1732000000     0.0471900000     1.3036000000     3.0541000000     8.9670000000   219.7100000000     0.0284630000     0.1280530000     0.1328600000     0.0340960000     0.0525280000     0.0114730000    20.2900000000    32.8700000000   142.0800000000  2923.9000000000     0.1406900000     1.0066900000     1.0810200000     0.2613100000     0.5073000000     0.1524600000     9.6000000000  ]
X_mu    = [  17.3722471910    22.2211797753   114.5997752809   962.9455056180     0.1031343258     0.1438836517     0.1571332584     0.0870930899     0.1935853933     0.0628841011     0.5930123596     1.2552056180     4.1813764045    68.3443258427     0.0067750787     0.0312882584     0.0408398876     0.0150034607     0.0205201798     0.0040193371    20.9897752809    30.1700000000   140.1492134831  1396.6421348315     0.1449562360     0.3678197753     0.4391802809     0.1793323034     0.3250297753     0.0912626404     2.7983146067  ]
