y_range =  124.0000000000
y_mu    =   47.3370786517
X_range = [  16.2700000000    23.1800000000   110.2000000000  1888.4000000000     0.0697300000     0.2653500000     0.4028200000     0.1808900000     0.1732000000     0.0471900000     1.5362000000     3.1409000000    10.4070000000   302.0100000000     0.0284630000     0.0932530000     0.1328600000     0.0339730000     0.0525280000     0.0114730000    22.2900000000    32.8700000000   144.9800000000  3394.9000000000     0.1406900000     1.0066900000     1.1460200000     0.2613100000     0.5073000000     0.1524600000     9.6000000000  ]
X_mu    = [  17.3880337079    22.1302247191   114.7535393258   966.4808988764     0.1027094944     0.1430601124     0.1563067416     0.0869793258     0.1928022472     0.0626876404     0.5961308989     1.2412488764     4.2249943820    69.2593258427     0.0067838202     0.0310907584     0.0407108427     0.0151513258     0.0203336067     0.0039859831    20.9858988764    29.8912359551   140.2833146067  1397.9955056180     0.1443461236     0.3677203371     0.4392061236     0.1794767978     0.3232584270     0.0911039326     2.8651685393  ]
