y_range =  124.0000000000
y_mu    =   44.8651685393
X_range = [  15.8000000000    28.9000000000   104.5200000000  1863.9000000000     0.0697300000     0.2406500000     0.4028200000     0.1808900000     0.1616000000     0.0471900000     1.6136000000     3.1409000000    12.1270000000   297.4800000000     0.0206630000     0.1280530000     0.1168600000     0.0313030000     0.0517480000     0.0106330000    21.3900000000    32.8700000000   140.2700000000  3335.3000000000     0.1406900000     1.0066900000     1.1460200000     0.2613100000     0.5073000000     0.1524600000     9.6000000000  ]
X_mu    = [  17.5791573034    22.3612921348   115.9619662921   986.5657303371     0.1027303933     0.1432983708     0.1583222472     0.0881017416     0.1935825843     0.0626121348     0.6102601124     1.2732241573     4.2970786517    71.3126404494     0.0066713708     0.0313045787     0.0407909551     0.0151459326     0.0208189438     0.0039713371    21.1794943820    30.1030898876   141.3246067416  1423.1612359551     0.1434174719     0.3632175281     0.4376538764     0.1798554494     0.3237685393     0.0903738764     2.8617977528  ]
