y_range =  124.0000000000
y_mu    =   46.5786516854
X_range = [  16.2700000000    23.4900000000   110.2000000000  1888.4000000000     0.0697300000     0.2653500000     0.4028200000     0.1808900000     0.1732000000     0.0471900000     1.6252000000     3.1409000000    12.1270000000   302.0100000000     0.0284630000     0.1280530000     0.1328600000     0.0340960000     0.0525280000     0.0114730000    22.2900000000    32.8700000000   147.1000000000  3394.9000000000     0.1406900000     1.0066900000     1.1460200000     0.2613100000     0.5073000000     0.1524600000     9.6000000000  ]
X_mu    = [  17.3570786517    22.1291573034   114.5325842697   964.9814606742     0.1026985393     0.1430725281     0.1552880337     0.0863055056     0.1931752809     0.0628469663     0.6049213483     1.2738044944     4.2689831461    70.9678089888     0.0067543146     0.0311308989     0.0405039888     0.0149910169     0.0204437584     0.0040225506    20.9938764045    30.0711235955   140.2503370787  1404.8162921348     0.1440921910     0.3675469663     0.4362443258     0.1782772472     0.3243747191     0.0912002809     2.7432584270  ]
