y_range =  124.0000000000
y_mu    =   47.5617977528
X_range = [  16.1400000000    23.4900000000   108.8000000000  1888.4000000000     0.0675300000     0.2653500000     0.3339200000     0.1709900000     0.1732000000     0.0471900000     1.6252000000     3.1409000000    12.1270000000   239.8100000000     0.0284630000     0.1280530000     0.1328600000     0.0340960000     0.0525280000     0.0114730000    19.8900000000    32.5000000000   144.2000000000  2923.9000000000     0.1364900000     1.0066900000     1.1460200000     0.2613100000     0.5073000000     0.1524600000     9.6000000000  ]
X_mu    = [  17.3836516854    22.1942696629   114.6499438202   965.9882022472     0.1025750562     0.1430691573     0.1548199438     0.0864793820     0.1930151685     0.0628075281     0.5999488764     1.2508269663     4.2299269663    69.0832022472     0.0066218427     0.0308485955     0.0399547753     0.0151028371     0.0204802360     0.0039653596    21.0062359551    30.0015168539   140.1803370787  1400.9247191011     0.1433983708     0.3662104494     0.4347257865     0.1789530337     0.3244528090     0.0911636517     2.8264044944  ]
