y_range =  124.0000000000
y_mu    =   46.1797752809
X_range = [  16.1400000000    28.9000000000   108.8000000000  1888.4000000000     0.0675300000     0.2653500000     0.3339200000     0.1709900000     0.1732000000     0.0471900000     1.6252000000     3.1409000000    12.1270000000   302.0100000000     0.0284630000     0.1280530000     0.1328600000     0.0340960000     0.0525280000     0.0114730000    21.8900000000    32.8700000000   147.1000000000  3394.9000000000     0.1364900000     1.0066900000     1.1460200000     0.2613100000     0.5073000000     0.1524600000     9.6000000000  ]
X_mu    = [  17.3157865169    22.3761797753   114.2082022472   958.3685393258     0.1024550562     0.1425473034     0.1553911236     0.0860762360     0.1924230337     0.0627792697     0.5937342697     1.2647696629     4.2020561798    68.4591011236     0.0066875506     0.0311544382     0.0407594382     0.0151505899     0.0205335506     0.0039838427    20.8741011236    30.2165730337   139.3558426966  1384.4533707865     0.1434247753     0.3659441573     0.4372982584     0.1777660112     0.3224320225     0.0909732584     2.9129213483  ]
