y_range =  124.0000000000
y_mu    =   48.5168539326
X_range = [  16.2700000000    28.9000000000   110.2000000000  1888.4000000000     0.0697300000     0.2653500000     0.4028200000     0.1808900000     0.1732000000     0.0471900000     1.6136000000     3.1409000000    12.1270000000   239.8100000000     0.0284630000     0.1280530000     0.1328600000     0.0340960000     0.0525280000     0.0114730000    20.2900000000    32.8700000000   144.2000000000  2923.9000000000     0.1298700000     1.0066900000     1.1460200000     0.2613100000     0.5073000000     0.1524600000     9.6000000000  ]
X_mu    = [  17.3224157303    22.1693258427   114.2391011236   958.6601123596     0.1031049438     0.1426155618     0.1562426404     0.0867059551     0.1937061798     0.0628651685     0.5974404494     1.2604494382     4.1882078652    68.6877528090     0.0068335337     0.0307084831     0.0406593820     0.0150114775     0.0205428764     0.0039762921    20.9073033708    30.1159550562   139.4700000000  1387.3196629213     0.1446286517     0.3626862921     0.4354948876     0.1784054494     0.3244342697     0.0911015169     2.8056179775  ]
