y_range =  124.0000000000
y_mu    =   46.1966292135
X_range = [  16.2700000000    28.9000000000   110.2000000000  1888.4000000000     0.0697300000     0.2653500000     0.4028200000     0.1808900000     0.1732000000     0.0321800000     1.6252000000     3.1409000000    12.1270000000   302.0100000000     0.0284630000     0.0921780000     0.1327900000     0.0340960000     0.0525280000     0.0112740000    22.2900000000    30.4900000000   147.1000000000  3394.9000000000     0.1256700000     1.0066900000     1.1460200000     0.2613100000     0.4209000000     0.1524600000     9.6000000000  ]
X_mu    = [  17.4278089888    22.2566292135   115.0223033708   971.1398876404     0.1028760674     0.1435429213     0.1583104494     0.0875455056     0.1930241573     0.0626474719     0.6125578652     1.2711005618     4.3212584270    71.3525280899     0.0068653820     0.0313006292     0.0414985955     0.0153474944     0.0206798034     0.0040050225    21.0296629213    29.9875280899   140.5041573034  1406.8505617978     0.1436129213     0.3628360112     0.4379443258     0.1789721910     0.3212365169     0.0902702809     2.8000000000  ]
