y_range =  124.0000000000
y_mu    =   47.7078651685
X_range = [  16.2700000000    28.9000000000   110.2000000000  1888.4000000000     0.0697300000     0.2653500000     0.4028200000     0.1808900000     0.1732000000     0.0470000000     1.6252000000     3.0541000000    11.9460000000   239.8100000000     0.0284630000     0.1262950000     0.1327900000     0.0340960000     0.0525280000     0.0114730000    20.2900000000    32.8700000000   144.2000000000  2923.9000000000     0.1406900000     1.0066900000     1.1460200000     0.2613100000     0.5073000000     0.1524600000     9.6000000000  ]
X_mu    = [  17.3046067416    22.1793258427   114.2115730337   958.3808988764     0.1035306742     0.1443841573     0.1585072472     0.0878294382     0.1938146067     0.0631222472     0.5971179775     1.2691735955     4.2193258427    68.7356179775     0.0068098258     0.0312728708     0.0411680899     0.0151165112     0.0205627640     0.0040007978    20.8271348315    30.0836516854   139.2334831461  1377.8595505618     0.1449562360     0.3680124157     0.4421117416     0.1797821910     0.3250617978     0.0913457303     2.8466292135  ]
