y_range =  124.0000000000
y_mu    =   46.2247191011
X_range = [  14.7800000000    28.9000000000   102.3000000000  1648.4000000000     0.0697300000     0.2653500000     0.4028200000     0.1808900000     0.1370000000     0.0471900000     1.5362000000     3.1409000000    10.4070000000   302.0100000000     0.0284630000     0.1280530000     0.1328600000     0.0340960000     0.0525280000     0.0112740000    22.2900000000    30.4900000000   147.1000000000  3394.9000000000     0.1364900000     1.0066900000     1.1460200000     0.2613100000     0.5073000000     0.1524600000     9.6000000000  ]
X_mu    = [  17.2834269663    22.1735393258   113.9703932584   954.9713483146     0.1026357303     0.1420990449     0.1550760112     0.0856444382     0.1926977528     0.0627945506     0.5980876404     1.2510977528     4.2129044944    69.3305056180     0.0067417809     0.0316413989     0.0412833146     0.0151300056     0.0205015449     0.0040421966    20.8446067416    29.8692696629   139.1020224719  1381.8382022472     0.1433528652     0.3663250562     0.4376241011     0.1773182584     0.3216494382     0.0911762921     2.8000000000  ]
