y_range =  122.0000000000
y_mu    =   45.8595505618
X_range = [  16.2700000000    28.9000000000   110.2000000000  1888.4000000000     0.0697300000     0.2653500000     0.3999500000     0.1808900000     0.1616000000     0.0471900000     1.6252000000     3.1409000000    12.1270000000   239.8100000000     0.0206630000     0.1280530000     0.1168600000     0.0314260000     0.0506270000     0.0106330000    20.2900000000    32.8700000000   144.2000000000  2923.9000000000     0.1406900000     0.9782600000     1.1088000000     0.2245500000     0.4660000000     0.1510600000     9.6000000000  ]
X_mu    = [  17.4799438202    22.3199438202   115.3530337079   976.9691011236     0.1028011798     0.1444098876     0.1582138202     0.0879248315     0.1939455056     0.0628806742     0.5999505618     1.2693629213     4.2348876404    69.7403370787     0.0066161517     0.0312251685     0.0403539888     0.0150528202     0.0208326966     0.0040049775    21.0943820225    30.3145505618   140.9237078652  1410.8865168539     0.1441361798     0.3697575843     0.4398882584     0.1810570787     0.3266415730     0.0916074719     2.8466292135  ]
