y_range =  124.0000000000
y_mu    =   46.1067415730
X_range = [  16.2700000000    28.9000000000   110.2000000000  1888.4000000000     0.0697300000     0.2653500000     0.4028200000     0.1808900000     0.1370000000     0.0471900000     1.6252000000     3.1409000000    12.1270000000   302.0100000000     0.0284630000     0.1280530000     0.1328600000     0.0340960000     0.0525280000     0.0114730000    22.2900000000    32.8700000000   147.1000000000  3394.9000000000     0.1406900000     1.0066900000     1.1460200000     0.2613100000     0.5073000000     0.1524600000     9.6000000000  ]
X_mu    = [  17.3521910112    22.2940449438   114.4861797753   964.3230337079     0.1024151685     0.1420850000     0.1552598876     0.0858377528     0.1911016854     0.0625707303     0.5905162921     1.2647185393     4.1854719101    68.6464044944     0.0067965169     0.0315269888     0.0405080337     0.0149915449     0.0204981573     0.0039725112    20.8748314607    30.1875842697   139.4958426966  1386.8073033708     0.1436178652     0.3659430337     0.4327397753     0.1776750000     0.3213303371     0.0906428652     2.8191011236  ]
