y_range =  124.0000000000
y_mu    =   46.6853932584
X_range = [  16.2700000000    28.9000000000   110.2000000000  1888.4000000000     0.0697300000     0.2600900000     0.4028200000     0.1808900000     0.1732000000     0.0471900000     1.6252000000     3.1409000000    12.1270000000   302.0100000000     0.0284630000     0.1280530000     0.1328600000     0.0340960000     0.0525280000     0.0114730000    22.2900000000    32.8700000000   147.1000000000  3394.9000000000     0.1406900000     1.0066900000     1.1460200000     0.2613100000     0.5073000000     0.1524600000     9.6000000000  ]
X_mu    = [  17.3704494382    22.2510112360   114.7021910112   965.9146067416     0.1031319663     0.1453114045     0.1585507865     0.0875863483     0.1931904494     0.0629806742     0.6043623596     1.2603191011     4.2617078652    69.9750561798     0.0068445000     0.0320281180     0.0412683146     0.0150334438     0.0205679888     0.0040311236    21.0272471910    30.1302247191   140.5237078652  1404.5679775281     0.1448240449     0.3737870787     0.4442319101     0.1798884270     0.3239308989     0.0915837640     2.9123595506  ]
