y_range =  124.0000000000
y_mu    =   46.2921348315
X_range = [  13.6800000000    28.9000000000    93.6000000000  1583.4000000000     0.0665800000     0.2653500000     0.3339200000     0.1638900000     0.1370000000     0.0471900000     1.6252000000     3.1409000000    12.1270000000   302.0100000000     0.0283040000     0.1280530000     0.1328600000     0.0340960000     0.0517480000     0.0114730000    22.2900000000    32.8700000000   147.1000000000  3394.9000000000     0.1406900000     1.0066900000     1.1460200000     0.2613100000     0.5073000000     0.1524600000     9.6000000000  ]
X_mu    = [  17.2836516854    22.4014044944   113.9684269663   955.6550561798     0.1022189888     0.1414108427     0.1529847753     0.0848175843     0.1918960674     0.0627133146     0.5954831461     1.2757033708     4.2068202247    68.8239887640     0.0066889157     0.0311908427     0.0404192135     0.0150908764     0.0203392079     0.0039869270    20.8911235955    30.3344943820   139.3997752809  1388.3106741573     0.1440118539     0.3668559551     0.4375673596     0.1779987640     0.3224724719     0.0913097753     2.7443820225  ]
