y_range =  124.0000000000
y_mu    =   46.0786516854
X_range = [  16.2700000000    28.9000000000   110.2000000000  1888.4000000000     0.0697300000     0.2653500000     0.3999500000     0.1808900000     0.1732000000     0.0471900000     1.6136000000     3.1409000000    12.1270000000   302.0100000000     0.0284630000     0.0932530000     0.1328600000     0.0340960000     0.0506270000     0.0114730000    22.2900000000    32.8700000000   147.1000000000  3394.9000000000     0.1406900000     0.9782600000     1.1088000000     0.2245500000     0.5035000000     0.1510600000     9.6000000000  ]
X_mu    = [  17.3988202247    22.2775280899   114.8171348315   969.3578651685     0.1027011798     0.1430126404     0.1576902247     0.0870263483     0.1933719101     0.0627456180     0.6092561798     1.2619943820     4.3013146067    70.9922471910     0.0068817247     0.0312878652     0.0412648876     0.0152199494     0.0207396067     0.0039989944    21.0064606742    30.0849438202   140.4057303371  1402.5067415730     0.1444979775     0.3649480337     0.4390303933     0.1789166292     0.3235449438     0.0907532584     2.8117977528  ]
