y_range =  124.0000000000
y_mu    =   45.6011235955
X_range = [  16.2700000000    28.9000000000   110.2000000000  1888.4000000000     0.0697300000     0.2653500000     0.4028200000     0.1808900000     0.1732000000     0.0321800000     1.6136000000     3.0541000000    12.1270000000   302.0100000000     0.0284630000     0.1280530000     0.1328600000     0.0340960000     0.0525280000     0.0114730000    22.2900000000    32.5000000000   147.1000000000  3394.9000000000     0.1406900000     1.0066900000     1.1460200000     0.2613100000     0.4209000000     0.1524600000     9.6000000000  ]
X_mu    = [  17.4126966292    22.3048876404   114.8326404494   970.7033707865     0.1023073034     0.1414702809     0.1541932022     0.0861174157     0.1924713483     0.0624858427     0.6093668539     1.2804589888     4.3003146067    71.4734269663     0.0066961966     0.0311358427     0.0401432584     0.0150486067     0.0201689438     0.0039904101    21.0794382022    30.2873033708   140.7611797753  1415.9926966292     0.1433994944     0.3647278652     0.4330746629     0.1782469101     0.3216893258     0.0907404494     2.8926966292  ]
