y_range =  124.0000000000
y_mu    =   45.9550561798
X_range = [  16.2700000000    28.9000000000   110.2000000000  1888.4000000000     0.0687800000     0.2406500000     0.4028200000     0.1808900000     0.1732000000     0.0471900000     1.6252000000     3.1409000000    12.1270000000   302.0100000000     0.0283040000     0.1280530000     0.1328600000     0.0340960000     0.0525280000     0.0114730000    22.2900000000    32.8700000000   144.9800000000  3394.9000000000     0.1406900000     1.0066900000     1.1460200000     0.2613100000     0.5073000000     0.1524600000     9.6000000000  ]
X_mu    = [  17.4096067416    22.2576966292   114.7955617978   969.9831460674     0.1028542697     0.1418373034     0.1557174157     0.0867237640     0.1919730337     0.0627129213     0.6081617978     1.2771966292     4.2875280899    70.8510674157     0.0068323202     0.0316577022     0.0411689326     0.0152269101     0.0206396180     0.0040585169    21.0031460674    30.1700561798   140.0902247191  1400.9252808989     0.1443101685     0.3663405618     0.4381830899     0.1789299438     0.3207005618     0.0912801685     2.8943820225  ]
