y_range =  124.0000000000
y_mu    =   47.1910112360
X_range = [  16.2700000000    28.9000000000   110.2000000000  1888.4000000000     0.0675300000     0.2653500000     0.3339200000     0.1709900000     0.1732000000     0.0471900000     1.6131000000     3.1409000000    12.1270000000   302.0100000000     0.0284630000     0.1280530000     0.1328600000     0.0340960000     0.0525280000     0.0114730000    22.2900000000    32.8700000000   144.9800000000  3394.9000000000     0.1406900000     1.0066900000     1.1460200000     0.2613100000     0.5073000000     0.1524600000     9.6000000000  ]
X_mu    = [  17.5428089888    22.3978089888   115.7357865169   984.1825842697     0.1026347191     0.1433897191     0.1577298876     0.0875010674     0.1925657303     0.0627646629     0.6029853933     1.2635202247     4.2487415730    70.6794943820     0.0067703820     0.0315789551     0.0409279213     0.0150666517     0.0205910225     0.0040250618    21.2282022472    30.3723033708   141.6059550562  1432.8842696629     0.1439774157     0.3685821348     0.4413403371     0.1796952247     0.3246162921     0.0911834831     2.8691011236  ]
