y_range =  124.0000000000
y_mu    =   47.4662921348
X_range = [  16.1400000000    28.9000000000   108.8000000000  1888.4000000000     0.0697300000     0.2600900000     0.4028200000     0.1781300000     0.1732000000     0.0471900000     1.6252000000     3.0541000000    12.1270000000   302.0100000000     0.0284630000     0.1280530000     0.1328600000     0.0339730000     0.0525280000     0.0114730000    21.8900000000    32.5000000000   147.1000000000  3394.9000000000     0.1406900000     1.0066900000     1.1460200000     0.2613100000     0.5073000000     0.1524600000     9.6000000000  ]
X_mu    = [  17.4545505618    22.3397191011   115.1940449438   973.6696629213     0.1031894382     0.1448019663     0.1586745506     0.0883371910     0.1940382022     0.0628452809     0.6086769663     1.2736966292     4.3067808989    70.9402247191     0.0067546910     0.0317262640     0.0412611236     0.0152559551     0.0209098989     0.0040179944    21.0741573034    30.1525842697   140.8179775281  1410.4028089888     0.1441758989     0.3708848315     0.4417645506     0.1807450000     0.3261028090     0.0911864045     2.8786516854  ]
