y_range =  124.0000000000
y_mu    =   46.8089887640
X_range = [  16.2700000000    23.4900000000   110.2000000000  1888.4000000000     0.0697300000     0.2600900000     0.4028200000     0.1808900000     0.1732000000     0.0471900000     1.6252000000     3.0541000000    12.1270000000   302.0100000000     0.0284630000     0.1280530000     0.1328600000     0.0340960000     0.0525280000     0.0114730000    22.2900000000    32.8700000000   147.1000000000  3394.9000000000     0.1406900000     1.0066900000     1.0810200000     0.2613100000     0.5073000000     0.1524600000     9.6000000000  ]
X_mu    = [  17.4430898876    22.0275280899   115.0987078652   974.2960674157     0.1027887640     0.1435574719     0.1579617416     0.0873980899     0.1935915730     0.0627839326     0.6134449438     1.2728674157     4.3257415730    71.6906179775     0.0068183652     0.0315692697     0.0412550000     0.0152042247     0.0206886629     0.0040571292    21.0426966292    29.8261797753   140.5733707865  1410.1955056180     0.1438663483     0.3644140449     0.4365915169     0.1785179775     0.3226353933     0.0907064045     2.8567415730  ]
