y_range =  124.0000000000
y_mu    =   46.6910112360
X_range = [  16.2700000000    28.9000000000   110.2000000000  1888.4000000000     0.0675300000     0.2600900000     0.3339200000     0.1709900000     0.1732000000     0.0471900000     1.6252000000     3.1409000000    11.9460000000   302.0100000000     0.0284630000     0.1280530000     0.1328600000     0.0340960000     0.0525280000     0.0114730000    22.2900000000    32.8700000000   144.9800000000  3394.9000000000     0.1406900000     1.0066900000     1.1460200000     0.2613100000     0.5073000000     0.1524600000     9.6000000000  ]
X_mu    = [  17.3753932584    22.3563483146   114.6573595506   966.7460674157     0.1029502809     0.1430776966     0.1566164607     0.0870507303     0.1917140449     0.0628511236     0.6063601124     1.2611050562     4.3043988764    70.4812921348     0.0067677753     0.0313838427     0.0407506742     0.0151133596     0.0201727079     0.0040176180    21.0768539326    30.3701123596   140.9889325843  1413.6876404494     0.1448706742     0.3700857303     0.4407807865     0.1800089888     0.3215814607     0.0915920787     2.8707865169  ]
