y_range =  124.0000000000
y_mu    =   46.3089887640
X_range = [  16.2700000000    28.9000000000   110.2000000000  1888.4000000000     0.0697300000     0.2653500000     0.4028200000     0.1808900000     0.1732000000     0.0471900000     1.6252000000     3.1409000000    12.1270000000   302.0100000000     0.0284630000     0.1280530000     0.1328600000     0.0340960000     0.0525280000     0.0114730000    22.2900000000    32.8700000000   147.1000000000  3394.9000000000     0.1406900000     1.0066900000     1.1460200000     0.2613100000     0.5073000000     0.1524600000     9.6000000000  ]
X_mu    = [  17.3845505618    22.2635393258   114.6712921348   967.0657303371     0.1022907865     0.1421214607     0.1557074719     0.0862884831     0.1925797753     0.0626289888     0.6079691011     1.2724780899     4.2899550562    70.6543820225     0.0068337247     0.0315444382     0.0411007303     0.0152552921     0.0208244494     0.0039976067    20.9627528090    30.0974719101   139.9368539326  1396.4219101124     0.1434758989     0.3649003371     0.4350791573     0.1785671348     0.3235146067     0.0905228090     2.7668539326  ]
