y_range =  124.0000000000
y_mu    =   47.5730337079
X_range = [  14.7800000000    28.9000000000   102.3000000000  1648.4000000000     0.0697300000     0.2653500000     0.4028200000     0.1808900000     0.1732000000     0.0471900000     1.6252000000     3.1409000000    12.1270000000   302.0100000000     0.0284630000     0.1280530000     0.1328600000     0.0340960000     0.0525280000     0.0114730000    22.2900000000    32.8700000000   144.9800000000  3394.9000000000     0.1256700000     1.0066900000     1.1460200000     0.2613100000     0.5073000000     0.1524600000     9.6000000000  ]
X_mu    = [  17.2940449438    22.2118539326   114.0952808989   955.9865168539     0.1024705618     0.1425752809     0.1546816292     0.0855007865     0.1924831461     0.0627756742     0.5959898876     1.2493067416     4.2092696629    69.0626404494     0.0067799775     0.0312595506     0.0407503371     0.0149881573     0.0206452360     0.0039864494    20.9093820225    30.1238202247   139.6503370787  1388.7073033708     0.1442123596     0.3670034831     0.4383016292     0.1786357865     0.3252887640     0.0912456180     2.8264044944  ]
