y_range =  124.0000000000
y_mu    =   48.5112359551
X_range = [  16.2700000000    28.9000000000   110.2000000000  1888.4000000000     0.0697300000     0.2653500000     0.4028200000     0.1808900000     0.1732000000     0.0471900000     1.6252000000     3.1409000000    12.1270000000   302.0100000000     0.0284630000     0.1280530000     0.1328600000     0.0340960000     0.0525280000     0.0114730000    22.2900000000    32.8700000000   147.1000000000  3394.9000000000     0.1298700000     1.0066900000     1.1460200000     0.2466100000     0.5073000000     0.1524600000     9.6000000000  ]
X_mu    = [  17.3748314607    22.1377528090   114.6032022472   966.2123595506     0.1029001685     0.1432155056     0.1570400000     0.0869180899     0.1930988764     0.0628311236     0.6063589888     1.2662668539     4.2793820225    70.4374157303     0.0067446573     0.0313952247     0.0410280337     0.0150792809     0.0207434382     0.0039992191    21.0529775281    30.0982584270   140.5725842697  1409.6573033708     0.1443921348     0.3684132584     0.4408746629     0.1798716854     0.3261769663     0.0912088764     2.8348314607  ]
