y_range =  124.0000000000
y_mu    =   47.3483146067
X_range = [  16.2700000000    28.9000000000   110.2000000000  1878.9000000000     0.0697300000     0.2406500000     0.4028200000     0.1808900000     0.1732000000     0.0471900000     1.6252000000     3.1409000000    12.1270000000   301.5100000000     0.0284630000     0.1280530000     0.1328600000     0.0340960000     0.0525280000     0.0114730000    22.2900000000    32.8700000000   147.1000000000  3389.0000000000     0.1406900000     1.0066900000     1.1460200000     0.2613100000     0.5073000000     0.1524600000     9.6000000000  ]
X_mu    = [  17.2921910112    22.0848314607   114.0502247191   956.0775280899     0.1029962921     0.1419279213     0.1552175281     0.0861828652     0.1930786517     0.0627158427     0.5913797753     1.2694342697     4.1798483146    68.6296629213     0.0068093876     0.0312968539     0.0407796629     0.0150857416     0.0206117360     0.0040109438    20.8553370787    29.9634831461   139.2477528090  1382.2196629213     0.1444045506     0.3657228090     0.4367055618     0.1782536517     0.3245691011     0.0911610112     2.8814606742  ]
