y_range =  122.0000000000
y_mu    =   46.1460674157
X_range = [  16.2700000000    23.4900000000   110.2000000000  1888.4000000000     0.0697300000     0.2600900000     0.4028200000     0.1808900000     0.1732000000     0.0321800000     1.6252000000     2.7579000000    12.1270000000   302.0100000000     0.0284630000     0.1280530000     0.1328600000     0.0340960000     0.0525280000     0.0114730000    22.2900000000    32.8700000000   144.9800000000  3394.9000000000     0.1298700000     1.0066900000     1.1460200000     0.2613100000     0.4209000000     0.1524600000     9.6000000000  ]
X_mu    = [  17.5008426966    22.2198314607   115.5050561798   980.2921348315     0.1022988764     0.1428677528     0.1572893820     0.0868919101     0.1925500000     0.0624786517     0.6004679775     1.2485719101     4.2603764045    70.7996629213     0.0067583202     0.0313117416     0.0410772472     0.0150934157     0.0202707416     0.0039639382    21.1389325843    30.1676404494   141.4285955056  1424.7516853933     0.1438022472     0.3669902247     0.4420218539     0.1798871910     0.3233786517     0.0904369663     2.8202247191  ]
