y_range =  124.0000000000
y_mu    =   45.2022471910
X_range = [  16.2700000000    28.9000000000   110.2000000000  1888.4000000000     0.0697300000     0.2653500000     0.4028200000     0.1808900000     0.1616000000     0.0321800000     1.6252000000     3.1409000000    12.1270000000   302.0100000000     0.0206630000     0.1280530000     0.1168600000     0.0314260000     0.0525280000     0.0106330000    22.2900000000    32.8700000000   147.1000000000  3394.9000000000     0.1406900000     1.0066900000     1.1460200000     0.2613100000     0.4209000000     0.1524600000     9.6000000000  ]
X_mu    = [  17.4183146067    22.2019662921   114.8950000000   971.7483146067     0.1025400000     0.1426025843     0.1545193820     0.0866872472     0.1929646067     0.0625363483     0.6042033708     1.2679814607     4.2599269663    70.2796629213     0.0065725225     0.0307220225     0.0395404494     0.0149060281     0.0205697303     0.0038903989    21.0388764045    30.1537640449   140.5167977528  1407.3123595506     0.1434736517     0.3661110112     0.4333802809     0.1784598315     0.3246303371     0.0905698876     2.9297752809  ]
