y_range =  122.0000000000
y_mu    =   46.6011235955
X_range = [  16.2700000000    28.9000000000   110.2000000000  1888.4000000000     0.0697300000     0.2653500000     0.4028200000     0.1808900000     0.1370000000     0.0471900000     1.5362000000     3.1409000000    10.4070000000   302.0100000000     0.0284630000     0.1280530000     0.1328600000     0.0340960000     0.0525280000     0.0114730000    22.2900000000    32.8700000000   147.1000000000  3394.9000000000     0.1364900000     1.0066900000     1.1460200000     0.2613100000     0.5073000000     0.1524600000     9.6000000000  ]
X_mu    = [  17.4775842697    22.1486516854   115.2814606742   976.4157303371     0.1024264607     0.1430556742     0.1570493820     0.0871106742     0.1913230337     0.0626287079     0.5949960674     1.2593528090     4.1944213483    69.3842696629     0.0067157528     0.0312523596     0.0409628652     0.0150780000     0.0205238876     0.0039799775    21.0341573034    29.9965168539   140.3781460674  1406.4067415730     0.1432612921     0.3651413483     0.4391403933     0.1790165730     0.3214719101     0.0907284831     2.8511235955  ]
