y_range =  124.0000000000
y_mu    =   47.1348314607
X_range = [  16.2700000000    28.9000000000   110.2000000000  1878.9000000000     0.0697300000     0.2653500000     0.4028200000     0.1808900000     0.1370000000     0.0471900000     1.6252000000     3.1409000000    12.1270000000   239.3100000000     0.0284630000     0.1269780000     0.1327900000     0.0340960000     0.0525280000     0.0114730000    20.2900000000    32.8700000000   144.2000000000  2720.0000000000     0.1278900000     1.0066900000     1.0810200000     0.2466100000     0.5073000000     0.1524600000     9.6000000000  ]
X_mu    = [  17.3782584270    22.1624719101   114.5907865169   965.0483146067     0.1024040449     0.1414708427     0.1549657865     0.0860317416     0.1921089888     0.0625688202     0.5950191011     1.2633612360     4.1966516854    68.4758988764     0.0068266236     0.0313880506     0.0409175843     0.0151210169     0.0207205169     0.0039999438    20.8983146067    29.8887078652   139.4556179775  1383.6943820225     0.1435388202     0.3614669101     0.4314544382     0.1775541011     0.3223938202     0.0905741573     2.8837078652  ]
