y_range =  124.0000000000
y_mu    =   47.8089887640
X_range = [  16.2700000000    28.9000000000   110.2000000000  1878.9000000000     0.0697300000     0.2653500000     0.4028200000     0.1808900000     0.1732000000     0.0471900000     1.5362000000     3.1409000000    10.4070000000   301.5100000000     0.0284630000     0.1280530000     0.1328600000     0.0339730000     0.0525280000     0.0112740000    22.2900000000    32.8700000000   147.1000000000  3389.0000000000     0.1406900000     1.0066900000     1.1460200000     0.2613100000     0.5073000000     0.1524600000     9.6000000000  ]
X_mu    = [  17.3755617978    22.1315730337   114.6191011236   964.8325842697     0.1026797753     0.1433843258     0.1561451124     0.0865309551     0.1930786517     0.0628387079     0.6013949438     1.2467011236     4.2348033708    69.8524719101     0.0067780056     0.0315641798     0.0409030337     0.0151362135     0.0207096573     0.0040447022    20.9901685393    29.8832584270   140.1556179775  1399.4044943820     0.1438674719     0.3677211236     0.4371802809     0.1787492697     0.3252123596     0.0914110112     2.8275280899  ]
