y_range =  124.0000000000
y_mu    =   47.6235955056
X_range = [  16.2700000000    27.3900000000   110.2000000000  1888.4000000000     0.0697300000     0.2653500000     0.4028200000     0.1808900000     0.1732000000     0.0471900000     1.6252000000     3.1409000000    12.1270000000   302.0100000000     0.0284630000     0.1280530000     0.1328600000     0.0340960000     0.0525280000     0.0114730000    22.2900000000    32.8700000000   147.1000000000  3394.9000000000     0.1287300000     1.0066900000     1.1460200000     0.2613100000     0.5073000000     0.1524600000     9.6000000000  ]
X_mu    = [  17.4021910112    22.2987078652   114.7903932584   969.3573033708     0.1031290449     0.1424285955     0.1578447191     0.0872021910     0.1920679775     0.0628408427     0.5976949438     1.2645376404     4.2083314607    69.2824719101     0.0068497303     0.0309460337     0.0409874157     0.0150003989     0.0201618090     0.0039979831    21.0025280899    30.2188202247   140.1496067416  1403.2719101124     0.1446930899     0.3623537079     0.4389156180     0.1792273596     0.3206825843     0.0910972472     2.8146067416  ]
