y_range =  124.0000000000
y_mu    =   46.5449438202
X_range = [  16.2700000000    28.9000000000   110.2000000000  1888.4000000000     0.0697300000     0.2653500000     0.4028200000     0.1808900000     0.1732000000     0.0471900000     1.6136000000     3.1409000000    12.1270000000   302.0100000000     0.0284630000     0.1280530000     0.1328600000     0.0340960000     0.0525280000     0.0114730000    22.2900000000    32.8700000000   144.9800000000  3394.9000000000     0.1406900000     1.0066900000     1.1460200000     0.2613100000     0.5073000000     0.1524600000     9.6000000000  ]
X_mu    = [  17.4065730337    22.4070224719   114.8626966292   969.0926966292     0.1029174157     0.1447837640     0.1578065169     0.0872133146     0.1939971910     0.0629407303     0.6106696629     1.2759533708     4.3060898876    71.2395505618     0.0068341910     0.0321276461     0.0413759551     0.0151223034     0.0209215281     0.0040601124    21.0643258427    30.3929213483   140.6739325843  1411.3758426966     0.1446146629     0.3736888764     0.4425550000     0.1793842697     0.3266089888     0.0915201685     2.7780898876  ]
