y_range =  124.0000000000
y_mu    =   46.4606741573
X_range = [  16.2700000000    28.9000000000   110.2000000000  1878.9000000000     0.0697300000     0.2653500000     0.4028200000     0.1808900000     0.1732000000     0.0471900000     1.5246000000     3.1409000000    10.4070000000   299.0300000000     0.0284630000     0.1280530000     0.1328600000     0.0339730000     0.0525280000     0.0114730000    22.2900000000    32.8700000000   147.1000000000  3389.0000000000     0.1278900000     1.0066900000     1.0810200000     0.2613100000     0.5073000000     0.1524600000     9.6000000000  ]
X_mu    = [  17.4786516854    22.2250000000   115.3144382022   976.8286516854     0.1028964045     0.1436420787     0.1573362360     0.0876089888     0.1936179775     0.0627206180     0.6098286517     1.2584398876     4.3038258427    71.2797191011     0.0068675618     0.0316622191     0.0412194944     0.0152944888     0.0208061348     0.0040297360    21.1057865169    29.8943258427   140.8735955056  1417.8123595506     0.1438556742     0.3641143820     0.4344005056     0.1788925281     0.3231702247     0.0906852809     2.9084269663  ]
