y_range =  124.0000000000
y_mu    =   47.3707865169
X_range = [  16.2700000000    23.4900000000   110.2000000000  1888.4000000000     0.0697300000     0.2653500000     0.4028200000     0.1808900000     0.1732000000     0.0464800000     1.6252000000     2.7579000000    12.1270000000   302.0100000000     0.0284630000     0.1280530000     0.1328600000     0.0340960000     0.0525280000     0.0114730000    22.2900000000    32.8700000000   147.1000000000  3394.9000000000     0.1406900000     1.0066900000     1.0810200000     0.2613100000     0.5073000000     0.1524600000     9.6000000000  ]
X_mu    = [  17.3575842697    22.0679775281   114.5475280899   964.8685393258     0.1029717416     0.1441875843     0.1561989326     0.0868416854     0.1930983146     0.0630167978     0.6077589888     1.2539859551     4.3049943820    70.6351685393     0.0067890112     0.0318052697     0.0408520787     0.0151726854     0.0204953876     0.0040723820    20.9965730337    29.8776404494   140.3008988764  1402.7342696629     0.1444523034     0.3703626966     0.4364971348     0.1790289326     0.3243466292     0.0916281461     2.8724719101  ]
