y_range =  124.0000000000
y_mu    =   46.8820224719
X_range = [  16.1400000000    28.9000000000   108.8000000000  1888.4000000000     0.0697300000     0.2653500000     0.4028200000     0.1808900000     0.1732000000     0.0471900000     1.6252000000     3.0541000000    11.9460000000   302.0100000000     0.0284630000     0.1280530000     0.1328600000     0.0340960000     0.0525280000     0.0114730000    21.8900000000    32.8700000000   147.1000000000  3394.9000000000     0.1406900000     1.0066900000     1.1460200000     0.2613100000     0.5073000000     0.1524600000     9.6000000000  ]
X_mu    = [  17.4579213483    22.3765730337   115.1496067416   974.8258426966     0.1022022472     0.1426175843     0.1565429775     0.0868902809     0.1930235955     0.0625663483     0.6074449438     1.2667511236     4.2740674157    70.7863483146     0.0067419270     0.0310074157     0.0407719663     0.0151022584     0.0203481966     0.0039789494    21.0578651685    30.1324157303   140.4906741573  1406.4786516854     0.1432607303     0.3637559551     0.4366735393     0.1787632022     0.3228202247     0.0905520787     2.7741573034  ]
