y_range =  124.0000000000
y_mu    =   48.1179775281
X_range = [  16.2700000000    28.9000000000   110.2000000000  1878.9000000000     0.0697300000     0.2653500000     0.4028200000     0.1808900000     0.1732000000     0.0471900000     1.6252000000     3.1409000000    12.1270000000   301.5100000000     0.0284630000     0.1280530000     0.1328600000     0.0340960000     0.0525280000     0.0114730000    22.2900000000    32.8700000000   144.9800000000  3389.0000000000     0.1406900000     1.0066900000     1.1460200000     0.2613100000     0.5073000000     0.1524600000     9.6000000000  ]
X_mu    = [  17.3339325843    22.3431460674   114.2520786517   959.8196629213     0.1025297191     0.1410964045     0.1537268539     0.0855855618     0.1924432584     0.0626560674     0.5986337079     1.2485005618     4.1961348315    69.5607303371     0.0067262584     0.0304556180     0.0401416292     0.0149193371     0.0206350674     0.0039566742    20.9418539326    30.1982022472   139.6230337079  1392.3623595506     0.1437832022     0.3591360674     0.4315409551     0.1773070225     0.3245505618     0.0908436517     2.7808988764  ]
