y_range =  124.0000000000
y_mu    =   46.0617977528
X_range = [  16.2700000000    28.9000000000   110.2000000000  1888.4000000000     0.0675300000     0.2653500000     0.3339200000     0.1709900000     0.1732000000     0.0464800000     1.6252000000     3.1409000000    11.9460000000   239.8100000000     0.0284630000     0.1280530000     0.1328600000     0.0340960000     0.0517480000     0.0114730000    20.2900000000    32.8700000000   144.2000000000  2923.9000000000     0.1298700000     0.8865900000     1.1460200000     0.2613100000     0.5073000000     0.1179600000     9.6000000000  ]
X_mu    = [  17.3413483146    22.4613483146   114.4012921348   960.7331460674     0.1024759551     0.1427469101     0.1553893258     0.0863464045     0.1922685393     0.0628267416     0.5892853933     1.2500095506     4.1721741573    67.7479775281     0.0066906292     0.0308714494     0.0401027528     0.0149820787     0.0200531573     0.0039373258    20.9687640449    30.3638764045   140.1360112360  1395.9112359551     0.1442342697     0.3670671910     0.4375634270     0.1792279213     0.3230123596     0.0909815169     2.8196629213  ]
