y_range =  122.0000000000
y_mu    =   46.9269662921
X_range = [  16.2700000000    28.9000000000   110.2000000000  1878.9000000000     0.0697300000     0.2653500000     0.3999500000     0.1808900000     0.1370000000     0.0471900000     1.6252000000     3.1409000000    12.1270000000   301.5100000000     0.0284630000     0.1280530000     0.1328600000     0.0339730000     0.0506270000     0.0114730000    22.2900000000    32.8700000000   147.1000000000  3389.0000000000     0.1406900000     0.9782600000     1.1088000000     0.2245500000     0.5035000000     0.1496200000     9.6000000000  ]
X_mu    = [  17.4185955056    22.3232584270   114.9475842697   971.7696629213     0.1030105056     0.1432602247     0.1575629213     0.0869189888     0.1922668539     0.0628715169     0.6021000000     1.2652117978     4.2486797753    70.3971348315     0.0068330674     0.0315941517     0.0413220787     0.0149644831     0.0209182584     0.0040322697    21.0587640449    30.1546067416   140.5556741573  1411.7056179775     0.1444152247     0.3634587079     0.4389910112     0.1776751685     0.3242556180     0.0910183708     2.8870786517  ]
