y_range =  124.0000000000
y_mu    =   46.1067415730
X_range = [  16.2700000000    28.9000000000   110.2000000000  1888.4000000000     0.0687800000     0.2406500000     0.4028200000     0.1808900000     0.1732000000     0.0471900000     1.6252000000     3.1409000000    12.1270000000   302.0100000000     0.0283040000     0.1280530000     0.1328600000     0.0340960000     0.0525280000     0.0114730000    22.2900000000    32.8700000000   147.1000000000  3394.9000000000     0.1406900000     1.0066900000     1.1460200000     0.2613100000     0.5073000000     0.1524600000     9.6000000000  ]
X_mu    = [  17.4371910112    22.2989325843   115.0053370787   973.5573033708     0.1028108989     0.1426979775     0.1570747191     0.0869752809     0.1930561798     0.0626539326     0.6032146067     1.2607634831     4.2288426966    70.4636516854     0.0067530787     0.0309347191     0.0409119663     0.0150547865     0.0203916236     0.0039454382    21.0391011236    30.1421910112   140.3267415730  1409.2000000000     0.1441596067     0.3666115730     0.4413572472     0.1796122472     0.3240191011     0.0907580337     2.7814606742  ]
