y_range =  124.0000000000
y_mu    =   47.1404494382
X_range = [  16.2700000000    23.4900000000   110.2000000000  1888.4000000000     0.0697300000     0.2653500000     0.4028200000     0.1808900000     0.1732000000     0.0471900000     1.6252000000     3.1409000000    12.1270000000   239.8100000000     0.0284630000     0.1280530000     0.1328600000     0.0340960000     0.0525280000     0.0114730000    20.2900000000    32.8700000000   144.2000000000  2923.9000000000     0.1406900000     1.0066900000     1.1460200000     0.2613100000     0.5073000000     0.1524600000     9.6000000000  ]
X_mu    = [  17.4583146067    22.1835955056   115.1992134831   974.9780898876     0.1025607865     0.1435161798     0.1581623596     0.0873329213     0.1934825843     0.0627820787     0.5907297753     1.2585567416     4.1932022472    68.5366853933     0.0067697360     0.0316222191     0.0411614607     0.0149259101     0.0205938876     0.0040138258    21.0135393258    30.0735393258   140.4435955056  1401.4297752809     0.1441246067     0.3710514607     0.4453998876     0.1794370787     0.3260657303     0.0913526404     2.9269662921  ]
