y_range =  124.0000000000
y_mu    =   47.6741573034
X_range = [  16.2700000000    28.9000000000   110.2000000000  1888.4000000000     0.0697300000     0.2653500000     0.4028200000     0.1808900000     0.1732000000     0.0471900000     1.6252000000     3.1409000000    12.1270000000   302.0100000000     0.0284630000     0.1280530000     0.1328600000     0.0340960000     0.0517480000     0.0114730000    22.2900000000    32.8700000000   147.1000000000  3394.9000000000     0.1406900000     1.0066900000     1.1460200000     0.2613100000     0.5073000000     0.1524600000     9.6000000000  ]
X_mu    = [  17.3987640449    22.2102808989   114.7190449438   969.5769662921     0.1029246629     0.1416060674     0.1554761798     0.0865952247     0.1921477528     0.0625416854     0.6005567416     1.2759668539     4.2004269663    69.8867977528     0.0067527303     0.0304118539     0.0398844382     0.0148546966     0.0200410787     0.0038975337    21.0329213483    30.2284831461   140.1826404494  1409.5235955056     0.1441489326     0.3629896629     0.4337797191     0.1777660112     0.3229280899     0.0905305618     2.8617977528  ]
