y_range =  124.0000000000
y_mu    =   45.6123595506
X_range = [  16.2700000000    28.9000000000   110.2000000000  1888.4000000000     0.0697300000     0.2653500000     0.3999500000     0.1808900000     0.1732000000     0.0471900000     1.6252000000     3.1409000000    12.1270000000   302.0100000000     0.0284630000     0.1280530000     0.1328600000     0.0340960000     0.0506270000     0.0114730000    22.2900000000    32.8700000000   147.1000000000  3394.9000000000     0.1406900000     0.9782600000     1.1088000000     0.2245500000     0.5035000000     0.1496200000     9.6000000000  ]
X_mu    = [  17.4312921348    22.3711235955   115.0444943820   972.7803370787     0.1027269663     0.1440741573     0.1589902809     0.0873008989     0.1933780899     0.0629050000     0.6052831461     1.2831528090     4.2768932584    70.7247752809     0.0068966854     0.0322329438     0.0419238202     0.0151974101     0.0210667416     0.0040922978    21.0207865169    30.3022471910   140.4017977528  1406.0202247191     0.1439955618     0.3702744382     0.4417567416     0.1795969663     0.3254960674     0.0913315730     2.7983146067  ]
