y_range =  124.0000000000
y_mu    =   47.3932584270
X_range = [  16.2700000000    28.9000000000   110.2000000000  1888.4000000000     0.0697300000     0.2653500000     0.4028200000     0.1781300000     0.1732000000     0.0321800000     1.5362000000     3.1409000000    10.4070000000   302.0100000000     0.0284630000     0.1280530000     0.1328600000     0.0340960000     0.0525280000     0.0114730000    22.2900000000    32.8700000000   147.1000000000  3394.9000000000     0.1406900000     1.0066900000     1.0810200000     0.2613100000     0.4209000000     0.1524600000     9.6000000000  ]
X_mu    = [  17.4205056180    22.1120786517   114.8088764045   969.6651685393     0.1023120225     0.1406676404     0.1530228652     0.0862495506     0.1920174157     0.0624054494     0.6064719101     1.2572297753     4.2620280899    70.7267415730     0.0067167247     0.0306277528     0.0398074719     0.0150501180     0.0204002360     0.0039359382    21.0278651685    29.8480337079   140.1111797753  1406.2191011236     0.1426466854     0.3551980899     0.4225083708     0.1767727528     0.3195533708     0.0895584270     2.8567415730  ]
