y_range =  122.0000000000
y_mu    =   45.5505617978
X_range = [  16.2700000000    28.9000000000   110.2000000000  1888.4000000000     0.0697300000     0.2653500000     0.4028200000     0.1808900000     0.1732000000     0.0471900000     1.6252000000     3.1409000000    12.1270000000   302.0100000000     0.0284630000     0.1280530000     0.1328600000     0.0340960000     0.0525280000     0.0114730000    22.2900000000    32.8700000000   147.1000000000  3394.9000000000     0.1364900000     1.0066900000     1.1460200000     0.2466100000     0.5073000000     0.1524600000     9.6000000000  ]
X_mu    = [  17.3423595506    22.1984831461   114.3947191011   963.3011235955     0.1027391573     0.1418204494     0.1559903371     0.0862855618     0.1931168539     0.0627755618     0.6062028090     1.2717707865     4.2673820225    70.4985393258     0.0067634663     0.0312861798     0.0408186517     0.0150344494     0.0205037191     0.0040558202    20.8921910112    29.9774157303   139.4688764045  1388.4280898876     0.1436500562     0.3625885393     0.4345600562     0.1771514045     0.3222168539     0.0911529775     2.8404494382  ]
