y_range =  124.0000000000
y_mu    =   47.4550561798
X_range = [  14.7800000000    28.9000000000   102.3000000000  1648.4000000000     0.0697300000     0.2653500000     0.4028200000     0.1808900000     0.1732000000     0.0471900000     1.6252000000     3.1409000000    12.1270000000   302.0100000000     0.0284630000     0.1280530000     0.1328600000     0.0340960000     0.0525280000     0.0114730000    22.2900000000    32.8700000000   144.9800000000  3394.9000000000     0.1406900000     1.0066900000     1.1460200000     0.2613100000     0.5073000000     0.1524600000     9.6000000000  ]
X_mu    = [  17.3607303371    22.2195505618   114.4765168539   963.3421348315     0.1025546629     0.1422053933     0.1555898876     0.0861873596     0.1933842697     0.0627460112     0.5987685393     1.2649533708     4.2142078652    69.4723595506     0.0068559438     0.0313550562     0.0412619663     0.0152985393     0.0209414157     0.0040080393    20.8571348315    29.9632022472   139.1458426966  1380.1735955056     0.1434596067     0.3612489888     0.4344999438     0.1786396067     0.3244528090     0.0904464045     2.7488764045  ]
