y_range =  122.0000000000
y_mu    =   46.5674157303
X_range = [  16.2700000000    28.9000000000   110.2000000000  1888.4000000000     0.0697300000     0.2653500000     0.4028200000     0.1808900000     0.1732000000     0.0471900000     1.6252000000     3.1409000000    11.9460000000   239.8100000000     0.0284630000     0.1280530000     0.1328600000     0.0340960000     0.0525280000     0.0114730000    20.2800000000    32.8700000000   135.7000000000  2923.9000000000     0.1406900000     1.0066900000     1.1460200000     0.2613100000     0.5073000000     0.1524600000     9.6000000000  ]
X_mu    = [  17.2682022472    22.4142134831   113.9002247191   952.0550561798     0.1028310112     0.1431672472     0.1554010112     0.0859976404     0.1926556180     0.0629825843     0.6040303371     1.2709516854     4.2627359551    69.0928089888     0.0068560393     0.0316153427     0.0412569663     0.0152027921     0.0205448989     0.0040640955    20.8142134831    30.2015168539   138.9610112360  1370.6039325843     0.1441045506     0.3658351685     0.4355403933     0.1771191011     0.3199949438     0.0912773596     2.9022471910  ]
