y_range =  124.0000000000
y_mu    =   46.6685393258
X_range = [  16.2700000000    28.9000000000   110.2000000000  1888.4000000000     0.0697300000     0.2653500000     0.4028200000     0.1808900000     0.1732000000     0.0471900000     1.6252000000     3.1409000000    12.1270000000   302.0100000000     0.0284630000     0.1280530000     0.1328600000     0.0340960000     0.0517480000     0.0114730000    22.2900000000    32.8700000000   147.1000000000  3394.9000000000     0.1406900000     1.0066900000     1.1460200000     0.2613100000     0.5073000000     0.1524600000     9.6000000000  ]
X_mu    = [  17.3091573034    22.2992696629   114.2253932584   960.8275280899     0.1026117978     0.1431227528     0.1552161236     0.0857588202     0.1933741573     0.0629202809     0.5855073034     1.2544758427     4.1654382022    68.3110674157     0.0066814438     0.0312503034     0.0402406180     0.0147564551     0.0203088315     0.0039676517    20.9450000000    30.3167977528   140.0728089888  1399.9994382022     0.1442032584     0.3710200000     0.4400998876     0.1790356742     0.3269005618     0.0917025281     2.8994382022  ]
