y_range =  124.0000000000
y_mu    =   46.3707865169
X_range = [  16.1400000000    27.3900000000   108.8000000000  1888.4000000000     0.0687800000     0.2600900000     0.4028200000     0.1808900000     0.1616000000     0.0471900000     1.6252000000     3.1409000000    12.1270000000   302.0100000000     0.0205040000     0.1269780000     0.1167900000     0.0314260000     0.0525280000     0.0106330000    21.8900000000    32.8700000000   147.1000000000  3394.9000000000     0.1406900000     1.0066900000     1.1460200000     0.2613100000     0.5073000000     0.1524600000     9.6000000000  ]
X_mu    = [  17.5480898876    22.3208988764   115.7491011236   985.6825842697     0.1030360674     0.1427365169     0.1575396067     0.0881925843     0.1927691011     0.0626131461     0.6140741573     1.2667943820     4.3235112360    71.8697752809     0.0066325506     0.0306775449     0.0400046629     0.0149561404     0.0202687191     0.0039103708    21.2112359551    30.1984831461   141.5506179775  1429.4494382022     0.1444719663     0.3660025281     0.4380915169     0.1803214045     0.3221617978     0.0908956180     2.9089887640  ]
