y_range =  124.0000000000
y_mu    =   47.0280898876
X_range = [  16.2700000000    28.9000000000   110.2000000000  1888.4000000000     0.0697300000     0.2653500000     0.4028200000     0.1808900000     0.1732000000     0.0471900000     1.6252000000     3.1409000000    12.1270000000   302.0100000000     0.0284630000     0.1269780000     0.1327900000     0.0340960000     0.0525280000     0.0114730000    22.2900000000    32.8700000000   147.1000000000  3394.9000000000     0.1406900000     1.0066900000     1.1460200000     0.2613100000     0.5073000000     0.1524600000     9.6000000000  ]
X_mu    = [  17.3739887640    22.3403370787   114.6428089888   967.1949438202     0.1030733708     0.1438238764     0.1581854494     0.0873685393     0.1932286517     0.0629937079     0.6137775281     1.2910421348     4.3363539326    71.4903932584     0.0068398258     0.0315125449     0.0414192697     0.0152990337     0.0206720337     0.0040639551    20.9945505618    30.2889887640   140.2896629213  1403.3719101124     0.1442680337     0.3674084831     0.4413364607     0.1791248876     0.3241157303     0.0914536517     2.7629213483  ]
