y_range =  124.0000000000
y_mu    =   46.4382022472
X_range = [  16.2700000000    28.9000000000   110.2000000000  1888.4000000000     0.0697300000     0.2653500000     0.4028200000     0.1808900000     0.1732000000     0.0321800000     1.5362000000     3.1409000000    10.2260000000   302.0100000000     0.0284630000     0.1280530000     0.1328600000     0.0340960000     0.0525280000     0.0114730000    22.2900000000    32.5000000000   147.1000000000  3394.9000000000     0.1406900000     1.0066900000     1.1460200000     0.2613100000     0.4209000000     0.1524600000     9.6000000000  ]
X_mu    = [  17.3989887640    22.2671348315   114.6860674157   967.3651685393     0.1024589326     0.1405621348     0.1542355618     0.0862912921     0.1922230337     0.0623915169     0.6017898876     1.2778550562     4.2336404494    70.0041011236     0.0067847865     0.0303830337     0.0403673034     0.0150824438     0.0203363034     0.0039147472    21.0337640449    30.2833146067   140.3016292135  1406.4359550562     0.1439506180     0.3577143820     0.4328561236     0.1783188202     0.3214780899     0.0899411236     2.7898876404  ]
