y_range =  124.0000000000
y_mu    =   46.9382022472
X_range = [  14.7800000000    23.4900000000   102.3000000000  1648.4000000000     0.0697300000     0.2653500000     0.4028200000     0.1808900000     0.1732000000     0.0319900000     1.6252000000     3.0541000000    12.1270000000   302.0100000000     0.0284630000     0.1280530000     0.1328600000     0.0340960000     0.0525280000     0.0114730000    22.2900000000    32.8700000000   147.1000000000  3394.9000000000     0.1406900000     1.0066900000     1.1460200000     0.2613100000     0.4209000000     0.1524600000     9.6000000000  ]
X_mu    = [  17.2988202247    22.0829213483   114.0810112360   956.0764044944     0.1028738764     0.1422992135     0.1552212360     0.0859655056     0.1932213483     0.0628071910     0.6009106742     1.2636848315     4.2395955056    69.7710674157     0.0068162135     0.0308210000     0.0406097191     0.0150969944     0.0204723146     0.0039894607    20.8316853933    29.9326404494   139.1471348315  1379.1662921348     0.1441573596     0.3623284270     0.4341201685     0.1777789326     0.3231926966     0.0908008989     2.8432584270  ]
