y_range =  124.0000000000
y_mu    =   45.0393258427
X_range = [  16.2700000000    28.9000000000   110.2000000000  1888.4000000000     0.0697300000     0.2653500000     0.4028200000     0.1808900000     0.1347000000     0.0471900000     1.6252000000     3.1409000000    12.1270000000   302.0100000000     0.0284630000     0.1280530000     0.1328600000     0.0340960000     0.0525280000     0.0112740000    22.2900000000    32.5000000000   147.1000000000  3394.9000000000     0.1298700000     1.0066900000     1.1460200000     0.2613100000     0.5073000000     0.1524600000     9.6000000000  ]
X_mu    = [  17.4451685393    22.6416292135   115.0542696629   973.6674157303     0.1023366854     0.1418854494     0.1547619663     0.0860626404     0.1910730337     0.0625322472     0.6056337079     1.2922775281     4.2759382022    70.5893820225     0.0068060955     0.0314240955     0.0408258989     0.0151251685     0.0202757978     0.0039889326    21.0472471910    30.6229213483   140.5355617978  1408.4764044944     0.1437651685     0.3659346067     0.4349089326     0.1777015169     0.3196870787     0.0907530899     2.8606741573  ]
