y_range =  124.0000000000
y_mu    =   46.5393258427
X_range = [  16.2700000000    28.9000000000   110.2000000000  1888.4000000000     0.0675300000     0.2653500000     0.3339200000     0.1709900000     0.1732000000     0.0471900000     1.6252000000     3.1409000000    11.9460000000   302.0100000000     0.0284630000     0.1280530000     0.1328600000     0.0340960000     0.0525280000     0.0114730000    22.2900000000    32.8700000000   147.1000000000  3394.9000000000     0.1406900000     1.0066900000     1.1460200000     0.2613100000     0.5073000000     0.1524600000     9.6000000000  ]
X_mu    = [  17.4123595506    22.2539887640   114.8650000000   970.9224719101     0.1030028090     0.1438860674     0.1568825281     0.0873871910     0.1932887640     0.0628626404     0.6102730337     1.2649578652     4.2950561798    71.0283707865     0.0067480730     0.0312427584     0.0407470787     0.0152772303     0.0207297303     0.0040228596    21.0747191011    30.1001685393   140.6862921348  1413.1556179775     0.1443994944     0.3688284270     0.4389954494     0.1799252809     0.3254404494     0.0913671910     2.8859550562  ]
