y_range =  124.0000000000
y_mu    =   47.0056179775
X_range = [  16.2700000000    28.9000000000   110.2000000000  1888.4000000000     0.0697300000     0.2653500000     0.4028200000     0.1808900000     0.1732000000     0.0471900000     1.6252000000     2.7579000000    12.1270000000   302.0100000000     0.0284630000     0.1280530000     0.1328600000     0.0339730000     0.0525280000     0.0114730000    22.2900000000    30.4900000000   147.1000000000  3394.9000000000     0.1406900000     1.0066900000     1.1460200000     0.2613100000     0.5073000000     0.1524600000     9.6000000000  ]
X_mu    = [  17.3003932584    22.1052247191   114.1206741573   957.8567415730     0.1028620225     0.1433069663     0.1556416292     0.0859934831     0.1930634831     0.0628943820     0.5908056180     1.2399213483     4.1665561798    68.5743258427     0.0067236180     0.0315258146     0.0406525281     0.0149894270     0.0206912079     0.0040150169    20.8834269663    29.9611235955   139.4205617978  1387.8404494382     0.1441646629     0.3706480899     0.4408123034     0.1785796067     0.3270685393     0.0915243820     2.8994382022  ]
