y_range =  124.0000000000
y_mu    =   47.0786516854
X_range = [  16.2700000000    28.9000000000   110.2000000000  1888.4000000000     0.0697300000     0.2653500000     0.4028200000     0.1808900000     0.1370000000     0.0471900000     1.5362000000     3.1409000000    10.4070000000   302.0100000000     0.0284630000     0.1280530000     0.1328600000     0.0340960000     0.0525280000     0.0114730000    22.2900000000    32.8700000000   147.1000000000  3394.9000000000     0.1406900000     1.0066900000     1.1460200000     0.2613100000     0.5073000000     0.1524600000     9.6000000000  ]
X_mu    = [  17.3438764045    22.1157865169   114.3205617978   962.2275280899     0.1026884831     0.1412072472     0.1540775281     0.0858964045     0.1921629213     0.0626208989     0.5959089888     1.2644286517     4.1755393258    68.8693820225     0.0067980899     0.0311554494     0.0403910112     0.0150329157     0.0206461910     0.0039923258    20.8925280899    29.9617415730   139.1093258427  1384.4662921348     0.1441067978     0.3639419101     0.4345050000     0.1779789326     0.3232073034     0.0910176966     2.8101123596  ]
