y_range =  124.0000000000
y_mu    =   45.9719101124
X_range = [  16.2700000000    28.9000000000   110.2000000000  1888.4000000000     0.0697300000     0.2653500000     0.4028200000     0.1808900000     0.1370000000     0.0321800000     1.6252000000     3.1409000000    12.1270000000   302.0100000000     0.0284630000     0.0932530000     0.1328600000     0.0340960000     0.0525280000     0.0114730000    22.2900000000    32.8700000000   144.9800000000  3394.9000000000     0.1406900000     1.0066900000     1.0810200000     0.2613100000     0.4209000000     0.1524600000     9.6000000000  ]
X_mu    = [  17.5120224719    22.2400000000   115.4821910112   980.8752808989     0.1023605056     0.1415074157     0.1557092135     0.0870634831     0.1915359551     0.0624307303     0.6059696629     1.2667101124     4.2745955056    70.9782022472     0.0067286404     0.0305824157     0.0401647753     0.0150070730     0.0203833258     0.0038992360    21.1519662921    30.1301685393   141.1527528090  1421.9303370787     0.1435427528     0.3606023596     0.4321179213     0.1787648876     0.3214960674     0.0900378090     2.8455056180  ]
