y_range =  122.0000000000
y_mu    =   45.6741573034
X_range = [  16.2700000000    28.9000000000   110.2000000000  1888.4000000000     0.0697300000     0.2653500000     0.4028200000     0.1808900000     0.1732000000     0.0471900000     1.6252000000     3.1409000000    12.1270000000   302.0100000000     0.0284630000     0.1280530000     0.1328600000     0.0340960000     0.0525280000     0.0114730000    22.2900000000    32.8700000000   144.9800000000  3394.9000000000     0.1406900000     1.0066900000     1.1460200000     0.2613100000     0.5073000000     0.1524600000     9.6000000000  ]
X_mu    = [  17.4901685393    22.2557303371   115.3236516854   977.8488764045     0.1024653933     0.1418940449     0.1566170787     0.0867798876     0.1924443820     0.0625469101     0.6080370787     1.2520578652     4.2695280899    70.9434831461     0.0068179551     0.0308843258     0.0409114607     0.0150887022     0.0203790562     0.0039744607    21.0797191011    30.0358988764   140.5366853933  1411.0511235955     0.1437978090     0.3610669663     0.4361937640     0.1778637640     0.3213134831     0.0906589888     2.8679775281  ]
