y_range =  124.0000000000
y_mu    =   45.9325842697
X_range = [  16.2700000000    28.9000000000   110.2000000000  1888.4000000000     0.0697300000     0.2653500000     0.4028200000     0.1808900000     0.1732000000     0.0307900000     1.6136000000     3.1409000000    12.1270000000   239.8100000000     0.0284630000     0.1269780000     0.1327900000     0.0339730000     0.0525280000     0.0114730000    20.2900000000    32.8700000000   144.2000000000  2923.9000000000     0.1406900000     0.8865900000     1.1460200000     0.2613100000     0.4209000000     0.0895600000     9.6000000000  ]
X_mu    = [  17.4928651685    22.3336516854   115.4164606742   977.5646067416     0.1026983708     0.1431214607     0.1575841573     0.0873816854     0.1934983146     0.0625898315     0.6052325843     1.2745943820     4.2770168539    70.2487078652     0.0068627865     0.0315120899     0.0413179213     0.0151442079     0.0206696742     0.0039965899    21.1006179775    30.1755056180   141.0019101124  1413.3949438202     0.1441257303     0.3629641011     0.4359100000     0.1793946629     0.3232887640     0.0901500562     2.8601123596  ]
