y_range =  124.0000000000
y_mu    =   45.9719101124
X_range = [  16.2700000000    28.9000000000   110.2000000000  1888.4000000000     0.0697300000     0.2653500000     0.4028200000     0.1808900000     0.1616000000     0.0471900000     1.6252000000     2.7579000000    12.1270000000   302.0100000000     0.0206630000     0.1280530000     0.1168600000     0.0314260000     0.0525280000     0.0104340000    22.2900000000    32.3300000000   147.1000000000  3394.9000000000     0.1406900000     1.0066900000     1.1460200000     0.2613100000     0.5073000000     0.1524600000     9.6000000000  ]
X_mu    = [  17.3697191011    22.3441573034   114.5816292135   965.6219101124     0.1025475281     0.1432175843     0.1544269101     0.0861970225     0.1928466292     0.0627639326     0.6027033708     1.2549634831     4.2517078652    70.0761235955     0.0065966742     0.0309992079     0.0397978090     0.0148924888     0.0205208539     0.0039515506    21.0185393258    30.2705056180   140.2967977528  1404.3808988764     0.1442764607     0.3686958427     0.4372892697     0.1791098315     0.3252376404     0.0914247753     2.9095505618  ]
