y_range =  124.0000000000
y_mu    =   47.3426966292
X_range = [  14.7800000000    23.4900000000   102.3000000000  1648.4000000000     0.0697300000     0.2653500000     0.4028200000     0.1808900000     0.1732000000     0.0321800000     1.6252000000     3.1409000000    12.1270000000   302.0100000000     0.0284630000     0.1280530000     0.1328600000     0.0340960000     0.0483980000     0.0114730000    22.2900000000    32.8700000000   147.1000000000  3394.9000000000     0.1364900000     1.0066900000     1.1460200000     0.2466100000     0.4209000000     0.1524600000     9.6000000000  ]
X_mu    = [  17.3539887640    22.2122471910   114.4416292135   963.4842696629     0.1020318539     0.1402589888     0.1526805056     0.0849767416     0.1924567416     0.0624283146     0.5932719101     1.2649567416     4.1907022472    68.7879775281     0.0067507865     0.0308248539     0.0399351685     0.0148132528     0.0203899551     0.0039196685    20.9317415730    30.1348876404   139.8235393258  1395.7393258427     0.1434195506     0.3605216854     0.4300487640     0.1763491573     0.3233033708     0.0901722472     2.9056179775  ]
