y_range =  124.0000000000
y_mu    =   47.3820224719
X_range = [  16.1400000000    28.9000000000   108.8000000000  1888.4000000000     0.0697300000     0.2653500000     0.4028200000     0.1781300000     0.1732000000     0.0471900000     1.6252000000     3.0541000000    12.1270000000   302.0100000000     0.0284630000     0.1280530000     0.1328600000     0.0340960000     0.0525280000     0.0114730000    21.8900000000    32.8700000000   147.1000000000  3394.9000000000     0.1406900000     1.0066900000     1.1460200000     0.2613100000     0.5073000000     0.1524600000     9.6000000000  ]
X_mu    = [  17.4587640449    22.3320786517   115.1796067416   974.6870786517     0.1027823034     0.1438934831     0.1577532022     0.0873688202     0.1934483146     0.0628957865     0.6121275281     1.2816533708     4.3107247191    71.2794382022     0.0067258989     0.0315693820     0.0410625281     0.0150796236     0.0206634382     0.0040671180    21.1167977528    30.3150561798   140.9637078652  1415.6584269663     0.1438405056     0.3684902247     0.4401842135     0.1790918539     0.3237634831     0.0914633146     2.8612359551  ]
