y_range =  124.0000000000
y_mu    =   47.1797752809
X_range = [  16.2700000000    28.9000000000   110.2000000000  1888.4000000000     0.0697300000     0.2653500000     0.3957000000     0.1808900000     0.1732000000     0.0471900000     1.6252000000     3.0541000000    12.1270000000   302.0100000000     0.0284630000     0.0932530000     0.1328600000     0.0340960000     0.0506270000     0.0114730000    22.2900000000    32.8700000000   144.9800000000  3394.9000000000     0.1406900000     0.9605500000     1.0879900000     0.2245500000     0.5035000000     0.1510600000     9.6000000000  ]
X_mu    = [  17.4626404494    22.1812359551   115.2757303371   976.2443820225     0.1033897191     0.1446273034     0.1588212360     0.0883488202     0.1938629213     0.0629460674     0.6015775281     1.2509949438     4.2451404494    70.4993258427     0.0067474382     0.0308712978     0.0404691011     0.0150699719     0.0207036517     0.0039982697    21.1098876404    30.0682022472   141.0062921348  1417.4269662921     0.1447075281     0.3669348876     0.4395444382     0.1809315169     0.3254556180     0.0912713483     2.8426966292  ]
