y_range =  124.0000000000
y_mu    =   46.5449438202
X_range = [  16.2700000000    28.9000000000   110.2000000000  1888.4000000000     0.0697300000     0.2653500000     0.4028200000     0.1808900000     0.1732000000     0.0471900000     1.6252000000     3.1409000000    11.9460000000   302.0100000000     0.0284630000     0.0932530000     0.1328600000     0.0340960000     0.0525280000     0.0114730000    22.2900000000    28.7400000000   147.1000000000  3394.9000000000     0.1406900000     1.0066900000     1.1460200000     0.2613100000     0.5073000000     0.1524600000     9.6000000000  ]
X_mu    = [  17.3511235955    22.1347191011   114.4249438202   963.3904494382     0.1025250000     0.1422965169     0.1552713483     0.0859863483     0.1928235955     0.0627394382     0.6084325843     1.2685848315     4.2866460674    70.3630337079     0.0068320281     0.0311722528     0.0412498315     0.0153595393     0.0207130618     0.0039993146    20.8988764045    29.8462359551   139.4312359551  1386.4084269663     0.1431242135     0.3623110112     0.4352117416     0.1783292135     0.3219415730     0.0906943820     2.9179775281  ]
