y_range =  124.0000000000
y_mu    =   47.0337078652
X_range = [  16.2700000000    28.9000000000   110.2000000000  1878.9000000000     0.0697300000     0.2653500000     0.4028200000     0.1808900000     0.1732000000     0.0321800000     1.6252000000     3.1409000000    12.1270000000   301.5100000000     0.0284630000     0.1280530000     0.1328600000     0.0340960000     0.0525280000     0.0114730000    22.2900000000    32.8700000000   147.1000000000  3389.0000000000     0.1406900000     1.0066900000     1.1460200000     0.2613100000     0.4209000000     0.1524600000     9.6000000000  ]
X_mu    = [  17.4577528090    22.3834831461   115.1874719101   974.6426966292     0.1023057865     0.1421912921     0.1553410674     0.0868543820     0.1922623596     0.0625221348     0.5950230337     1.2673426966     4.2192359551    69.2432584270     0.0067515618     0.0310763483     0.0405949438     0.0151080112     0.0203041124     0.0039859888    21.0081460674    30.2302247191   140.4105617978  1402.5185393258     0.1432332022     0.3631559551     0.4356027528     0.1783092697     0.3218870787     0.0905051124     2.8651685393  ]
