y_range =  124.0000000000
y_mu    =   47.8539325843
X_range = [  16.2700000000    28.9000000000   110.2000000000  1888.4000000000     0.0697300000     0.2653500000     0.4028200000     0.1808900000     0.1732000000     0.0471900000     1.6252000000     3.1409000000    12.1270000000   302.0100000000     0.0284630000     0.1280530000     0.1328600000     0.0340960000     0.0525280000     0.0114730000    22.2900000000    32.8700000000   147.1000000000  3394.9000000000     0.1406900000     1.0066900000     1.1460200000     0.2613100000     0.5073000000     0.1524600000     9.6000000000  ]
X_mu    = [  17.4134269663    22.3621910112   114.7747752809   971.3561797753     0.1023015730     0.1412027528     0.1541607303     0.0862496629     0.1930179775     0.0624553371     0.6063719101     1.2610477528     4.2640842697    70.7148876404     0.0067940225     0.0306951124     0.0402098315     0.0150940562     0.0206402360     0.0038874494    20.9992696629    30.1722471910   140.0997752809  1403.0466292135     0.1433865730     0.3590250562     0.4266448876     0.1777929775     0.3225988764     0.0898608989     2.8522471910  ]
