y_range =  122.0000000000
y_mu    =   47.0842696629
X_range = [  16.2700000000    28.9000000000   110.2000000000  1878.9000000000     0.0697300000     0.2653500000     0.4028200000     0.1808900000     0.1732000000     0.0471900000     1.6252000000     3.1409000000    12.1270000000   301.5100000000     0.0284630000     0.1280530000     0.1328600000     0.0340960000     0.0525280000     0.0114730000    22.2900000000    32.8700000000   147.1000000000  3389.0000000000     0.1406900000     1.0066900000     1.1460200000     0.2466100000     0.5073000000     0.1524600000     9.6000000000  ]
X_mu    = [  17.2782584270    22.2251685393   113.9911797753   954.7179775281     0.1027086517     0.1428843820     0.1560396629     0.0859726966     0.1928668539     0.0629002809     0.5977719101     1.2678752809     4.2195056180    68.9246629213     0.0067423146     0.0313534270     0.0412052247     0.0151588596     0.0205541685     0.0040441742    20.8123595506    30.0538202247   138.9494382022  1374.6617977528     0.1437062360     0.3625941573     0.4366229775     0.1775508427     0.3220634831     0.0911211798     2.8191011236  ]
