y_range =  124.0000000000
y_mu    =   46.7078651685
X_range = [  16.2700000000    23.4900000000   110.2000000000  1888.4000000000     0.0697300000     0.2406500000     0.4028200000     0.1808900000     0.1732000000     0.0471900000     1.6252000000     3.1409000000    12.1270000000   239.8100000000     0.0284630000     0.1280530000     0.1328600000     0.0340960000     0.0525280000     0.0114730000    20.2900000000    32.8700000000   144.2000000000  2725.9000000000     0.1406900000     1.0066900000     1.1460200000     0.2466100000     0.5073000000     0.1524600000     9.6000000000  ]
X_mu    = [  17.2792696629    22.1778651685   113.9139887640   954.7831460674     0.1027203933     0.1403650562     0.1543649438     0.0857069663     0.1917786517     0.0625433146     0.5870780899     1.2629303371     4.1340168539    67.4223595506     0.0067837303     0.0310007865     0.0404402247     0.0149727079     0.0204413034     0.0039717528    20.7965168539    30.0832022472   138.7486516854  1371.5629213483     0.1444674719     0.3637705618     0.4348892697     0.1775008427     0.3221887640     0.0908552809     2.8528089888  ]
