y_range =  124.0000000000
y_mu    =   47.0112359551
X_range = [  16.2700000000    28.9000000000   110.2000000000  1878.9000000000     0.0687800000     0.2653500000     0.4028200000     0.1808900000     0.1732000000     0.0470000000     1.6252000000     3.1409000000    11.9460000000   301.5100000000     0.0283040000     0.1280530000     0.1328600000     0.0340960000     0.0525280000     0.0114730000    22.2900000000    32.8700000000   147.1000000000  3389.0000000000     0.1406900000     1.0066900000     1.1460200000     0.2613100000     0.5073000000     0.1524600000     9.6000000000  ]
X_mu    = [  17.4556179775    22.4107865169   115.1978651685   975.2241573034     0.1028989326     0.1429581461     0.1576153933     0.0874780337     0.1924134831     0.0627487640     0.6119943820     1.2752556180     4.3221179775    71.2445505618     0.0069369607     0.0315207191     0.0414767416     0.0153333596     0.0205143371     0.0040351798    21.0760674157    30.1805056180   140.7573033708  1413.0123595506     0.1445236517     0.3611846067     0.4363780337     0.1785571910     0.3196528090     0.0905017978     2.8404494382  ]
