y_range =  124.0000000000
y_mu    =   48.0505617978
X_range = [  16.2700000000    28.9000000000   110.2000000000  1888.4000000000     0.0675300000     0.2653500000     0.3339200000     0.1709900000     0.1732000000     0.0471900000     1.6252000000     3.1409000000    12.1270000000   239.8100000000     0.0284630000     0.1280530000     0.1328600000     0.0340960000     0.0525280000     0.0114730000    20.2900000000    30.4900000000   142.0800000000  2923.9000000000     0.1406900000     1.0066900000     1.1460200000     0.2613100000     0.5073000000     0.1524600000     9.6000000000  ]
X_mu    = [  17.3844943820    22.1800000000   114.5747752809   965.1365168539     0.1019770225     0.1407552247     0.1526564045     0.0852626404     0.1923747191     0.0625732584     0.5915983146     1.2411353933     4.1740112360    68.4858988764     0.0065796854     0.0303095506     0.0397998315     0.0148964270     0.0204141292     0.0039257191    21.0171910112    30.0746629213   140.1879775281  1402.0505617978     0.1432483708     0.3630119101     0.4343690449     0.1779148876     0.3249252809     0.0908917416     2.7994382022  ]
