y_range =  124.0000000000
y_mu    =   47.1011235955
X_range = [  14.7800000000    27.3900000000   102.3000000000  1648.4000000000     0.0697300000     0.2653500000     0.4028200000     0.1808900000     0.1732000000     0.0471900000     1.6252000000     3.1409000000    12.1270000000   239.8100000000     0.0284630000     0.1280530000     0.1328600000     0.0339730000     0.0517480000     0.0114730000    20.2900000000    32.8700000000   144.2000000000  2923.9000000000     0.1406900000     1.0066900000     1.1460200000     0.2613100000     0.5073000000     0.1524600000     9.6000000000  ]
X_mu    = [  17.2488764045    22.3700561798   113.7811797753   949.8825842697     0.1030619101     0.1425176966     0.1551716292     0.0859675281     0.1924567416     0.0628867978     0.5910960674     1.2826735955     4.1868258427    67.5489325843     0.0068163427     0.0313726685     0.0410707865     0.0151855955     0.0205052921     0.0040000449    20.7417977528    30.2773595506   138.6464044944  1363.5977528090     0.1444343258     0.3660784270     0.4360724157     0.1781082584     0.3228533708     0.0910092697     2.8084269663  ]
