y_range =  124.0000000000
y_mu    =   45.1067415730
X_range = [  16.2700000000    28.9000000000   110.2000000000  1888.4000000000     0.0697300000     0.2653500000     0.4028200000     0.1808900000     0.1370000000     0.0471900000     1.6252000000     3.1409000000    12.1270000000   302.0100000000     0.0284630000     0.1280530000     0.1328600000     0.0340960000     0.0517480000     0.0114730000    22.2900000000    32.8700000000   147.1000000000  3394.9000000000     0.1406900000     1.0066900000     1.1460200000     0.2613100000     0.5073000000     0.1524600000     9.6000000000  ]
X_mu    = [  17.3906741573    22.2761235955   114.6784831461   968.0825842697     0.1022686517     0.1411653933     0.1539343258     0.0855555056     0.1910752809     0.0624288764     0.5984617978     1.2660837079     4.2126235955    69.4308426966     0.0066958483     0.0310706180     0.0403929213     0.0150139438     0.0202293371     0.0039594270    20.9622471910    30.0912359551   139.9028651685  1396.8668539326     0.1432101685     0.3621110112     0.4312538764     0.1767266854     0.3192235955     0.0902652809     2.8859550562  ]
