y_range =  124.0000000000
y_mu    =   45.2471910112
X_range = [  16.2700000000    27.3900000000   110.2000000000  1888.4000000000     0.0697300000     0.2653500000     0.4028200000     0.1808900000     0.1732000000     0.0321800000     1.6252000000     3.1409000000    12.1270000000   302.0100000000     0.0284630000     0.0907130000     0.1328600000     0.0340960000     0.0525280000     0.0114730000    22.2900000000    32.8700000000   147.1000000000  3394.9000000000     0.1406900000     1.0066900000     1.1460200000     0.2613100000     0.4209000000     0.1524600000     9.6000000000  ]
X_mu    = [  17.4464606742    22.2287078652   115.0093258427   974.0449438202     0.1025746629     0.1402149438     0.1550243820     0.0865938764     0.1917786517     0.0624217416     0.6019932584     1.2539112360     4.2202528090    70.1057865169     0.0067491573     0.0299678090     0.0400585393     0.0150926629     0.0200089438     0.0038984494    20.9855056180    29.9701123596   139.8117415730  1401.0410112360     0.1435348876     0.3546576404     0.4292415169     0.1776300562     0.3189089888     0.0897818539     2.8775280899  ]
