y_range =  124.0000000000
y_mu    =   48.2078651685
X_range = [  16.2700000000    23.4900000000   110.2000000000  1888.4000000000     0.0697300000     0.2406500000     0.4028200000     0.1781300000     0.1732000000     0.0471900000     1.6252000000     3.1409000000    12.1270000000   302.0100000000     0.0284630000     0.1280530000     0.1328600000     0.0340960000     0.0525280000     0.0114730000    22.2900000000    32.8700000000   147.1000000000  3394.9000000000     0.1406900000     1.0066900000     1.1460200000     0.2613100000     0.5073000000     0.1524600000     9.6000000000  ]
X_mu    = [  17.3671910112    22.2525280899   114.6104494382   966.2505617978     0.1030703371     0.1436000000     0.1573983708     0.0869516292     0.1928219101     0.0628851685     0.5946988764     1.2619640449     4.2116573034    69.5139325843     0.0068029775     0.0315337079     0.0409764045     0.0150758652     0.0205364157     0.0040537135    20.9182584270    30.1489325843   139.8674719101  1394.2691011236     0.1445837640     0.3707857303     0.4405190449     0.1788525281     0.3239651685     0.0915916854     2.8775280899  ]
