y_range =  124.0000000000
y_mu    =   45.2808988764
X_range = [  16.2700000000    28.9000000000   110.2000000000  1888.4000000000     0.0697300000     0.2653500000     0.4028200000     0.1808900000     0.1732000000     0.0471900000     1.6252000000     3.1409000000    12.1270000000   302.0100000000     0.0284630000     0.1280530000     0.1328600000     0.0339730000     0.0525280000     0.0114730000    22.2900000000    32.8700000000   147.1000000000  3394.9000000000     0.1406900000     1.0066900000     1.0810200000     0.2613100000     0.5073000000     0.1524600000     9.6000000000  ]
X_mu    = [  17.4331460674    22.2166853933   115.0235393258   973.2966292135     0.1028401685     0.1433525281     0.1569690449     0.0868556742     0.1924016854     0.0627080337     0.6039033708     1.2609904494     4.2641741573    70.4506179775     0.0067516966     0.0314874438     0.0410088764     0.0151295337     0.0204963596     0.0040067135    21.0161797753    30.0498876404   140.4444382022  1403.6853932584     0.1444298315     0.3665834831     0.4375263483     0.1791666854     0.3223162921     0.0907806180     2.8646067416  ]
