y_range =  124.0000000000
y_mu    =   45.6404494382
X_range = [  14.7800000000    28.9000000000   102.3000000000  1648.4000000000     0.0648300000     0.2653500000     0.3339200000     0.1709900000     0.1732000000     0.0321800000     1.6252000000     3.1409000000    12.1270000000   302.0100000000     0.0284630000     0.1280530000     0.1328600000     0.0340960000     0.0525280000     0.0114730000    22.2900000000    32.8700000000   147.1000000000  3394.9000000000     0.1406900000     1.0066900000     1.1460200000     0.2613100000     0.4209000000     0.1524600000     9.6000000000  ]
X_mu    = [  17.3388764045    22.3364606742   114.2909550562   961.1803370787     0.1020915169     0.1404087640     0.1533903371     0.0851794382     0.1915735955     0.0625594944     0.5991988764     1.2592550562     4.2305280899    69.5584831461     0.0066487753     0.0304974157     0.0403514045     0.0149992022     0.0199723146     0.0039264888    20.9710112360    30.2908988764   139.9853370787  1398.6685393258     0.1436141011     0.3620205618     0.4377718539     0.1775345506     0.3205539326     0.0906226404     2.8432584270  ]
