y_range =  124.0000000000
y_mu    =   47.3988764045
X_range = [  16.2700000000    28.9000000000   110.2000000000  1888.4000000000     0.0697300000     0.2653500000     0.4028200000     0.1808900000     0.1732000000     0.0471900000     1.6252000000     3.1409000000    12.1270000000   302.0100000000     0.0284630000     0.1269780000     0.1327900000     0.0340960000     0.0525280000     0.0114730000    22.2900000000    32.8700000000   147.1000000000  3394.9000000000     0.1406900000     1.0066900000     1.1460200000     0.2613100000     0.5073000000     0.1524600000     9.6000000000  ]
X_mu    = [  17.4035955056    22.3226966292   114.7766292135   970.5207865169     0.1025265169     0.1421183146     0.1563703371     0.0867055618     0.1927471910     0.0626308989     0.6160202247     1.2750455056     4.3491966292    71.9028089888     0.0068987697     0.0315546236     0.0415393820     0.0153680281     0.0209077640     0.0040034157    21.0128089888    30.1385393258   140.3239325843  1407.1033707865     0.1436180337     0.3626096067     0.4347224157     0.1786760112     0.3228179775     0.0901535393     2.8044943820  ]
