y_range =  122.0000000000
y_mu    =   46.1235955056
X_range = [  16.2700000000    28.9000000000   110.2000000000  1888.4000000000     0.0697300000     0.2653500000     0.4028200000     0.1808900000     0.1616000000     0.0471900000     1.6136000000     3.0541000000    12.1270000000   302.0100000000     0.0206630000     0.1280530000     0.1168600000     0.0314260000     0.0525280000     0.0106330000    22.2900000000    32.8700000000   147.1000000000  3394.9000000000     0.1364900000     1.0066900000     1.1460200000     0.2613100000     0.5073000000     0.1524600000     9.6000000000  ]
X_mu    = [  17.5059550562    22.1761797753   115.4594943820   980.6696629213     0.1025373034     0.1429195506     0.1568902247     0.0874329775     0.1932179775     0.0626151124     0.6197185393     1.2692623596     4.3613483146    72.5965730337     0.0066562978     0.0309877528     0.0405076966     0.0151477303     0.0209172022     0.0039431124    21.1582584270    30.0000561798   141.1784269663  1424.8095505618     0.1431427528     0.3613694382     0.4348342135     0.1791227528     0.3235567416     0.0902782022     2.8685393258  ]
