y_range =  124.0000000000
y_mu    =   46.5786516854
X_range = [  16.2700000000    28.9000000000   110.2000000000  1888.4000000000     0.0697300000     0.2653500000     0.4028200000     0.1808900000     0.1732000000     0.0471900000     1.6252000000     3.1409000000    12.1270000000   239.8100000000     0.0284630000     0.0932530000     0.1328600000     0.0340960000     0.0525280000     0.0114730000    20.2900000000    32.8700000000   144.2000000000  2923.9000000000     0.1406900000     1.0066900000     1.1460200000     0.2613100000     0.5073000000     0.1524600000     9.6000000000  ]
X_mu    = [  17.3330337079    22.4255617978   114.3390449438   960.8140449438     0.1026936517     0.1429103371     0.1557488764     0.0867257865     0.1936977528     0.0627869663     0.6038112360     1.2728320225     4.2586348315    69.8151123596     0.0067158371     0.0309705618     0.0405302809     0.0150985955     0.0206606854     0.0039876854    20.9468539326    30.2850561798   139.8228089888  1392.8269662921     0.1437079213     0.3655992135     0.4350184831     0.1784098315     0.3245983146     0.0910217416     2.8735955056  ]
