y_range =  124.0000000000
y_mu    =   44.7808988764
X_range = [  16.2700000000    28.9000000000   110.2000000000  1888.4000000000     0.0697300000     0.2653500000     0.4028200000     0.1808900000     0.1370000000     0.0321800000     1.6252000000     3.1409000000    12.1270000000   302.0100000000     0.0284630000     0.1280530000     0.1328600000     0.0340960000     0.0525280000     0.0114730000    22.2900000000    32.8700000000   147.1000000000  3394.9000000000     0.1406900000     1.0066900000     1.1460200000     0.2613100000     0.4209000000     0.1524600000     9.6000000000  ]
X_mu    = [  17.4449438202    22.2681460674   114.9947752809   973.1078651685     0.1023064607     0.1404470787     0.1544546067     0.0861838764     0.1922685393     0.0623206742     0.6011252809     1.2875511236     4.2358314607    70.1241011236     0.0068050674     0.0311676966     0.0408262921     0.0151785337     0.0206038876     0.0039633876    20.9705056180    30.1849438202   139.8516292135  1397.9719101124     0.1430023034     0.3606244944     0.4308426404     0.1771485955     0.3219146067     0.0899706180     2.8511235955  ]
