y_range =  124.0000000000
y_mu    =   45.8876404494
X_range = [  16.2700000000    28.9000000000   110.2000000000  1888.4000000000     0.0697300000     0.2653500000     0.4028200000     0.1781300000     0.1732000000     0.0471900000     1.6136000000     3.1409000000    12.1270000000   302.0100000000     0.0284630000     0.0932530000     0.1328600000     0.0340960000     0.0525280000     0.0112500000    22.2900000000    32.8700000000   147.1000000000  3394.9000000000     0.1406900000     1.0066900000     1.1460200000     0.2466100000     0.5073000000     0.1524600000     9.6000000000  ]
X_mu    = [  17.5334831461    22.2924157303   115.6802808989   983.2067415730     0.1027257865     0.1430977528     0.1586107303     0.0877738202     0.1931241573     0.0626252247     0.6205387640     1.2793988764     4.3664382022    72.5409550562     0.0068455337     0.0311960056     0.0413670225     0.0153699494     0.0207082135     0.0040046067    21.1535955056    30.1443820225   141.1785955056  1421.3848314607     0.1435483708     0.3614419101     0.4359364607     0.1787659551     0.3222438202     0.0904940449     2.8157303371  ]
