y_range =  124.0000000000
y_mu    =   46.5337078652
X_range = [  16.2700000000    28.9000000000   110.2000000000  1888.4000000000     0.0697300000     0.2600900000     0.4028200000     0.1808900000     0.1732000000     0.0471900000     1.6136000000     3.1409000000    12.1270000000   302.0100000000     0.0284630000     0.1280530000     0.1328600000     0.0340960000     0.0525280000     0.0114730000    22.2900000000    30.4900000000   144.9800000000  3394.9000000000     0.1298700000     1.0066900000     1.1460200000     0.2613100000     0.5073000000     0.1524600000     9.6000000000  ]
X_mu    = [  17.5030337079    22.1784831461   115.5483707865   979.3516853933     0.1031332584     0.1449700000     0.1599582022     0.0882076404     0.1937584270     0.0628615169     0.6051500000     1.2511337079     4.2669325843    70.7601123596     0.0068100281     0.0319253427     0.0414649438     0.0151445169     0.0205682303     0.0040822135    21.1632584270    30.0367977528   141.3666292135  1422.6168539326     0.1446235955     0.3713374157     0.4442932022     0.1808958989     0.3255196629     0.0915659551     2.8337078652  ]
