y_range =  124.0000000000
y_mu    =   46.6123595506
X_range = [  16.2700000000    28.9000000000   110.2000000000  1888.4000000000     0.0697300000     0.2600900000     0.4028200000     0.1808900000     0.1732000000     0.0471900000     1.6252000000     3.1409000000    12.1270000000   239.8100000000     0.0284630000     0.1280530000     0.1328600000     0.0340960000     0.0525280000     0.0114730000    20.2900000000    32.8700000000   144.2000000000  2923.9000000000     0.1406900000     1.0066900000     1.1460200000     0.2613100000     0.5073000000     0.1524600000     9.6000000000  ]
X_mu    = [  17.3642696629    22.3941011236   114.6104494382   964.5949438202     0.1032351685     0.1453615169     0.1592300000     0.0875837640     0.1938258427     0.0631484270     0.5948219101     1.2730719101     4.2011348315    68.6733146067     0.0068234213     0.0322041798     0.0415828090     0.0150653315     0.0208549551     0.0040836798    20.9601685393    30.3880898876   140.0155056180  1395.3095505618     0.1449004494     0.3767926966     0.4476549438     0.1806494382     0.3281792135     0.0922597753     2.8719101124  ]
