y_range =  124.0000000000
y_mu    =   46.1853932584
X_range = [  16.2700000000    28.9000000000   110.2000000000  1888.4000000000     0.0697300000     0.2406500000     0.4028200000     0.1808900000     0.1732000000     0.0321800000     1.6252000000     3.1409000000    12.1270000000   302.0100000000     0.0284630000     0.1280530000     0.1328600000     0.0340960000     0.0525280000     0.0114730000    22.2900000000    32.8700000000   147.1000000000  3394.9000000000     0.1406900000     1.0066900000     1.1460200000     0.2466100000     0.4209000000     0.1524600000     9.6000000000  ]
X_mu    = [  17.4903932584    22.3081460674   115.3551685393   979.8421348315     0.1028960112     0.1415540449     0.1571508427     0.0873326404     0.1920786517     0.0625377528     0.6032303371     1.2585528090     4.2540168539    70.8553932584     0.0067513090     0.0310928876     0.0407403933     0.0149103315     0.0202927079     0.0039539213    21.1502808989    30.2727528090   141.2707303371  1425.9230337079     0.1441482022     0.3632913483     0.4362678652     0.1785143258     0.3218292135     0.0904255618     2.8758426966  ]
