y_range =  124.0000000000
y_mu    =   47.3089887640
X_range = [  16.2700000000    27.3900000000   110.2000000000  1888.4000000000     0.0687800000     0.2653500000     0.4028200000     0.1738100000     0.1616000000     0.0471900000     1.6252000000     3.1409000000    12.1270000000   302.0100000000     0.0204640000     0.1280530000     0.1168600000     0.0305910000     0.0525280000     0.0106330000    22.2900000000    32.8700000000   147.1000000000  3394.9000000000     0.1406900000     1.0066900000     1.1460200000     0.2613100000     0.5073000000     0.1524600000     9.6000000000  ]
X_mu    = [  17.3489887640    22.2182584270   114.4792696629   963.9050561798     0.1032872472     0.1433496067     0.1564065730     0.0870251124     0.1930988764     0.0629184270     0.6035719101     1.2745567416     4.2369494382    69.8800000000     0.0067171629     0.0308957584     0.0400307303     0.0149800000     0.0204746180     0.0039718820    20.9510112360    30.1347752809   139.7057303371  1396.9106741573     0.1450141011     0.3666756180     0.4379432022     0.1790847753     0.3233471910     0.0915246067     2.8657303371  ]
