y_range =  124.0000000000
y_mu    =   47.6629213483
X_range = [  16.2700000000    28.9000000000   110.2000000000  1888.4000000000     0.0687800000     0.2653500000     0.4028200000     0.1808900000     0.1732000000     0.0471900000     1.6252000000     3.1409000000    12.1270000000   302.0100000000     0.0283040000     0.1280530000     0.1328600000     0.0340960000     0.0525280000     0.0114730000    22.2900000000    32.8700000000   147.1000000000  3394.9000000000     0.1406900000     1.0066900000     1.1460200000     0.2613100000     0.5073000000     0.1524600000     9.6000000000  ]
X_mu    = [  17.4121910112    22.1274719101   114.8697752809   970.5146067416     0.1029451685     0.1430288202     0.1578829775     0.0874402809     0.1933292135     0.0628146629     0.6123528090     1.2769595506     4.3160617978    71.3764606742     0.0068579719     0.0313298876     0.0412566854     0.0153039607     0.0208108539     0.0040126685    21.0198314607    30.0168539326   140.3994943820  1405.4735955056     0.1445051124     0.3650149438     0.4399302809     0.1799903371     0.3237365169     0.0908306180     2.7438202247  ]
