y_range =  124.0000000000
y_mu    =   46.6741573034
X_range = [  14.7800000000    28.9000000000   102.3000000000  1648.4000000000     0.0697300000     0.2653500000     0.4028200000     0.1808900000     0.1616000000     0.0470000000     1.6252000000     3.1409000000    12.1270000000   302.0100000000     0.0206630000     0.1280530000     0.1168600000     0.0314260000     0.0525280000     0.0104340000    22.2900000000    32.8700000000   147.1000000000  3394.9000000000     0.1406900000     1.0066900000     1.1460200000     0.2613100000     0.5073000000     0.1524600000     9.6000000000  ]
X_mu    = [  17.3933146067    22.2670224719   114.7350000000   967.9887640449     0.1022158989     0.1421890449     0.1546171348     0.0861400000     0.1930348315     0.0624785393     0.6032988764     1.2657938202     4.2452022472    70.1539325843     0.0066256461     0.0309453202     0.0400961798     0.0149865056     0.0203724270     0.0038936966    21.0410674157    30.2491573034   140.4391011236  1406.9084269663     0.1438112921     0.3673548315     0.4368072472     0.1788317416     0.3245443820     0.0906829775     2.8617977528  ]
