y_range =  124.0000000000
y_mu    =   46.3089887640
X_range = [  16.2700000000    23.4900000000   110.2000000000  1888.4000000000     0.0663000000     0.2653500000     0.4028200000     0.1741600000     0.1732000000     0.0321800000     1.6252000000     3.1409000000    12.1270000000   302.0100000000     0.0283040000     0.1280530000     0.1328600000     0.0340960000     0.0483980000     0.0114730000    22.2900000000    32.8700000000   147.1000000000  3394.9000000000     0.1298700000     1.0066900000     1.0810200000     0.2613100000     0.4209000000     0.1524600000     9.6000000000  ]
X_mu    = [  17.5451685393    22.2060112360   115.7707303371   984.4308988764     0.1027934270     0.1431243258     0.1573467416     0.0880338202     0.1927724719     0.0625690449     0.6079780899     1.2685674157     4.2946685393    71.1447191011     0.0066836629     0.0309432584     0.0403984270     0.0149787753     0.0200118090     0.0039467978    21.2184831461    30.1748876404   141.7330898876  1431.2977528090     0.1437539326     0.3639744944     0.4358611798     0.1793483146     0.3219342697     0.0905468539     2.8662921348  ]
