y_range =  124.0000000000
y_mu    =   47.1966292135
X_range = [  16.1400000000    28.9000000000   108.8000000000  1888.4000000000     0.0697300000     0.2653500000     0.4028200000     0.1808900000     0.1732000000     0.0471900000     1.6252000000     3.1409000000    11.9460000000   302.0100000000     0.0284630000     0.1280530000     0.1328600000     0.0339730000     0.0525280000     0.0112740000    21.8900000000    32.8700000000   147.1000000000  3394.9000000000     0.1406900000     1.0066900000     1.0810200000     0.2613100000     0.5073000000     0.1524600000     9.6000000000  ]
X_mu    = [  17.4093820225    22.2355617978   114.8603932584   969.6539325843     0.1026094944     0.1431425843     0.1554858989     0.0866070787     0.1928646067     0.0627048876     0.6031028090     1.2750308989     4.2563370787    70.1065168539     0.0068338090     0.0316347978     0.0408010112     0.0152155281     0.0207479888     0.0040294831    21.0110112360    30.0612359551   140.2462921348  1402.9016853933     0.1437955618     0.3677947191     0.4342993820     0.1793335393     0.3241769663     0.0910857303     2.8685393258  ]
