y_range =  124.0000000000
y_mu    =   46.8820224719
X_range = [  14.7800000000    28.9000000000   102.3000000000  1648.4000000000     0.0665800000     0.2600900000     0.3339200000     0.1709900000     0.1732000000     0.0471900000     1.6252000000     3.1409000000    12.1270000000   302.0100000000     0.0283040000     0.1280530000     0.1328600000     0.0340960000     0.0525280000     0.0114730000    22.2900000000    32.5000000000   147.1000000000  3394.9000000000     0.1364900000     1.0066900000     1.1460200000     0.2613100000     0.5073000000     0.1524600000     9.6000000000  ]
X_mu    = [  17.3541573034    22.4708426966   114.4925280899   963.4191011236     0.1024964607     0.1433092135     0.1562643258     0.0866365169     0.1925831461     0.0628697753     0.6063230337     1.2604792135     4.2844382022    70.3483146067     0.0066756798     0.0315001685     0.0408657865     0.0152004775     0.0206303483     0.0040213764    20.9761235955    30.3261235955   140.1200000000  1399.7657303371     0.1432270225     0.3689050562     0.4397409551     0.1792220787     0.3229320225     0.0914515169     2.8196629213  ]
