y_range =  124.0000000000
y_mu    =   46.2808988764
X_range = [  16.2700000000    28.9000000000   110.2000000000  1888.4000000000     0.0697300000     0.2653500000     0.4028200000     0.1808900000     0.1732000000     0.0471900000     1.6252000000     3.1409000000    12.1270000000   302.0100000000     0.0284630000     0.1280530000     0.1328600000     0.0340960000     0.0525280000     0.0114730000    22.2900000000    32.8700000000   147.1000000000  3394.9000000000     0.1406900000     1.0066900000     1.1460200000     0.2613100000     0.5073000000     0.1524600000     9.6000000000  ]
X_mu    = [  17.3921348315    22.3353370787   114.7058426966   969.0280898876     0.1026461236     0.1419745506     0.1553356742     0.0863143258     0.1930747191     0.0626151124     0.6029500000     1.2665662921     4.2501741573    70.3216292135     0.0067365955     0.0310707921     0.0401489326     0.0148799494     0.0204423708     0.0039727191    21.0167977528    30.2491011236   140.2935955056  1406.3752808989     0.1441197191     0.3662278652     0.4351566854     0.1784471910     0.3250500000     0.0908982584     2.8117977528  ]
