y_range =  124.0000000000
y_mu    =   46.4719101124
X_range = [  16.2700000000    27.3900000000   110.2000000000  1888.4000000000     0.0687800000     0.2653500000     0.3999500000     0.1808900000     0.1732000000     0.0471900000     1.6252000000     3.1409000000    12.1270000000   302.0100000000     0.0283040000     0.1280530000     0.1328600000     0.0340960000     0.0498470000     0.0114730000    22.2900000000    32.8700000000   147.1000000000  3394.9000000000     0.1406900000     0.9782600000     1.1088000000     0.2245500000     0.5035000000     0.1510600000     9.6000000000  ]
X_mu    = [  17.4147191011    22.4739887640   114.9037078652   971.3415730337     0.1025355618     0.1424977528     0.1555792697     0.0864191573     0.1921483146     0.0626599438     0.5860331461     1.2759022472     4.1387359551    67.8738202247     0.0067631966     0.0313464607     0.0404687640     0.0149906180     0.0204515730     0.0039981573    20.9651123596    30.5566853933   139.9355056180  1398.2488764045     0.1441670787     0.3667216292     0.4339551124     0.1783454494     0.3226589888     0.0910448315     2.8724719101  ]
