y_range =  124.0000000000
y_mu    =   47.1629213483
X_range = [  16.2700000000    28.9000000000   110.2000000000  1888.4000000000     0.0697300000     0.2653500000     0.4028200000     0.1808900000     0.1732000000     0.0319900000     1.6252000000     3.1409000000    12.1270000000   302.0100000000     0.0284630000     0.1280530000     0.1328600000     0.0340960000     0.0525280000     0.0114730000    22.2900000000    32.5000000000   147.1000000000  3394.9000000000     0.1298700000     1.0066900000     1.0810200000     0.2613100000     0.4209000000     0.1524600000     9.6000000000  ]
X_mu    = [  17.4084269663    22.3617415730   114.7952247191   968.7932584270     0.1025045506     0.1414633708     0.1555746629     0.0866462921     0.1927960674     0.0625820225     0.6002685393     1.2747966292     4.2358314607    70.0053932584     0.0068319944     0.0309403820     0.0407694382     0.0151908483     0.0203614719     0.0039547978    20.9917415730    30.2779213483   140.1566853933  1402.2707865169     0.1436061798     0.3586464045     0.4308887079     0.1784543258     0.3206955056     0.0900515169     2.8067415730  ]
