y_range =  122.0000000000
y_mu    =   46.4157303371
X_range = [  14.6500000000    28.9000000000   100.9000000000  1648.4000000000     0.0697300000     0.2653500000     0.4028200000     0.1808900000     0.1616000000     0.0471900000     1.6252000000     3.1409000000    12.1270000000   302.0100000000     0.0206630000     0.1280530000     0.1168600000     0.0314260000     0.0525280000     0.0106330000    21.8900000000    32.5000000000   147.1000000000  3394.9000000000     0.1406900000     1.0066900000     1.1460200000     0.2613100000     0.5073000000     0.1524600000     9.6000000000  ]
X_mu    = [  17.2919101124    22.3101685393   113.9960674157   955.3702247191     0.1023929213     0.1416528652     0.1538426966     0.0853758427     0.1932775281     0.0626127528     0.6018314607     1.2582095506     4.2324494382    69.5700000000     0.0066320393     0.0309113483     0.0399578090     0.0150446742     0.0205991124     0.0039312978    20.9151685393    30.2211797753   139.6108988764  1389.0117977528     0.1438511798     0.3670132584     0.4338712921     0.1784856742     0.3245786517     0.0910082584     2.8938202247  ]
