y_range =  124.0000000000
y_mu    =   47.8595505618
X_range = [  16.2700000000    28.9000000000   110.2000000000  1888.4000000000     0.0697300000     0.2653500000     0.3999500000     0.1808900000     0.1616000000     0.0471900000     1.6252000000     3.1409000000    11.9460000000   302.0100000000     0.0206630000     0.1280530000     0.1168600000     0.0314260000     0.0506270000     0.0106330000    22.2900000000    30.4900000000   147.1000000000  3394.9000000000     0.1406900000     0.9782600000     1.1088000000     0.2245500000     0.4660000000     0.1510600000     9.6000000000  ]
X_mu    = [  17.4620786517    22.1835955056   115.1418539326   976.3921348315     0.1025544382     0.1422737640     0.1562431461     0.0870702809     0.1928960674     0.0626270225     0.6032595506     1.2434325843     4.2447528090    70.6553370787     0.0065682191     0.0302011798     0.0400750000     0.0147089944     0.0204100169     0.0038604719    21.1801685393    30.1147752809   141.4179213483  1425.7376404494     0.1441176404     0.3663289326     0.4416792697     0.1799919101     0.3262415730     0.0910130899     2.8028089888  ]
