y_range =  124.0000000000
y_mu    =   46.0730337079
X_range = [  16.2700000000    23.4900000000   110.2000000000  1888.4000000000     0.0697300000     0.2653500000     0.4028200000     0.1808900000     0.1732000000     0.0471900000     1.6252000000     3.1409000000    12.1270000000   302.0100000000     0.0284630000     0.1280530000     0.1328600000     0.0340960000     0.0517480000     0.0114730000    22.2900000000    32.8700000000   147.1000000000  3394.9000000000     0.1406900000     0.8865900000     1.1460200000     0.2613100000     0.5073000000     0.1179600000     9.6000000000  ]
X_mu    = [  17.3886516854    22.1732584270   114.7252808989   967.3713483146     0.1025810112     0.1429848315     0.1556888764     0.0862296067     0.1926977528     0.0625953371     0.6037786517     1.2578870787     4.2624438202    70.2948876404     0.0067352809     0.0313160674     0.0406008989     0.0149869326     0.0204337022     0.0039692809    20.9973595506    29.9721348315   140.3175842697  1402.6275280899     0.1439466854     0.3659969663     0.4356797191     0.1781733146     0.3238932584     0.0905424719     2.7825842697  ]
