y_range =  124.0000000000
y_mu    =   45.3707865169
X_range = [  16.2700000000    28.9000000000   110.2000000000  1888.4000000000     0.0697300000     0.2653500000     0.3999500000     0.1808900000     0.1732000000     0.0321800000     1.6252000000     2.7579000000    12.1270000000   302.0100000000     0.0284630000     0.1280530000     0.1328600000     0.0340960000     0.0506270000     0.0114730000    22.2900000000    30.4900000000   147.1000000000  3394.9000000000     0.1406900000     0.9782600000     1.1088000000     0.2245500000     0.4171000000     0.1510600000     9.6000000000  ]
X_mu    = [  17.5054494382    22.2667415730   115.4919662921   980.4994382022     0.1026387079     0.1428633708     0.1569975281     0.0873323596     0.1921696629     0.0626423596     0.6058719101     1.2635803371     4.2748820225    71.3420224719     0.0067862472     0.0309567978     0.0408492135     0.0150573933     0.0203384438     0.0039866798    21.1714606742    30.1928651685   141.3508426966  1426.9589887640     0.1437384270     0.3617637640     0.4367309551     0.1791053933     0.3222938202     0.0903394944     2.8089887640  ]
