y_range =  124.0000000000
y_mu    =   45.3426966292
X_range = [  16.2700000000    28.9000000000   110.2000000000  1888.4000000000     0.0697300000     0.2406500000     0.4028200000     0.1808900000     0.1370000000     0.0471900000     1.6252000000     3.1409000000    12.1270000000   302.0100000000     0.0284630000     0.1280530000     0.1328600000     0.0340960000     0.0525280000     0.0114730000    22.2900000000    32.8700000000   147.1000000000  3394.9000000000     0.1406900000     1.0066900000     1.1460200000     0.2466100000     0.5073000000     0.1524600000     9.6000000000  ]
X_mu    = [  17.3539325843    22.2971348315   114.4464606742   964.7848314607     0.1028668539     0.1417182584     0.1555900562     0.0862639326     0.1917106742     0.0626919101     0.6038651685     1.2804780899     4.2586179775    70.2106741573     0.0067896798     0.0315253371     0.0410343820     0.0151147753     0.0208450674     0.0040191685    20.9425842697    30.2594943820   139.7834831461  1395.2573033708     0.1439590449     0.3636649438     0.4345269101     0.1772176966     0.3230134831     0.0906689888     2.8696629213  ]
