y_range =  124.0000000000
y_mu    =   46.8932584270
X_range = [  16.2700000000    28.9000000000   110.2000000000  1888.4000000000     0.0697300000     0.2653500000     0.4028200000     0.1808900000     0.1732000000     0.0471900000     1.6252000000     3.1409000000    12.1270000000   302.0100000000     0.0284630000     0.0932530000     0.1328600000     0.0340960000     0.0525280000     0.0114730000    22.2900000000    32.8700000000   147.1000000000  3394.9000000000     0.1298700000     1.0066900000     1.1460200000     0.2613100000     0.5073000000     0.1524600000     9.6000000000  ]
X_mu    = [  17.3471348315    22.3506741573   114.4163483146   963.5005617978     0.1029212921     0.1422471348     0.1557931461     0.0867917978     0.1926044944     0.0628279213     0.5991786517     1.2682674157     4.2276348315    69.7558988764     0.0067231517     0.0304487640     0.0401714045     0.0150611348     0.0203948989     0.0039629382    20.9845505618    30.3598314607   140.1317977528  1402.2898876404     0.1441544944     0.3642273034     0.4347594944     0.1798003933     0.3236269663     0.0911907303     2.7932584270  ]
