y_range =  124.0000000000
y_mu    =   47.2584269663
X_range = [  16.2700000000    28.9000000000   110.2000000000  1888.4000000000     0.0697300000     0.2653500000     0.4028200000     0.1781300000     0.1732000000     0.0471900000     1.6136000000     3.1409000000    12.1270000000   302.0100000000     0.0284630000     0.1280530000     0.1328600000     0.0340960000     0.0525280000     0.0114730000    22.2900000000    32.8700000000   147.1000000000  3394.9000000000     0.1406900000     1.0066900000     1.1460200000     0.2613100000     0.5073000000     0.1524600000     9.6000000000  ]
X_mu    = [  17.4451123596    22.3207303371   115.0578089888   973.5747191011     0.1028635393     0.1427990449     0.1563604494     0.0870362360     0.1922926966     0.0627694944     0.5942910112     1.2544814607     4.1786516854    69.0684269663     0.0067946124     0.0308657865     0.0404174157     0.0149425169     0.0202390562     0.0039869438    20.9762921348    30.1576966292   139.8996067416  1398.5730337079     0.1443775843     0.3636435955     0.4346145506     0.1781188202     0.3220353933     0.0910761236     2.9101123596  ]
