y_range =  124.0000000000
y_mu    =   45.4606741573
X_range = [  16.2700000000    28.9000000000   110.2000000000  1888.4000000000     0.0697300000     0.2653500000     0.3999500000     0.1808900000     0.1732000000     0.0471900000     1.6252000000     2.7579000000    12.1270000000   302.0100000000     0.0284630000     0.1280530000     0.1328600000     0.0340960000     0.0506270000     0.0114730000    22.2900000000    32.8700000000   147.1000000000  3394.9000000000     0.1406900000     0.9782600000     1.1088000000     0.2245500000     0.5035000000     0.1510600000     9.6000000000  ]
X_mu    = [  17.4340449438    22.3917977528   115.0173595506   972.1988764045     0.1025835955     0.1427605056     0.1567768539     0.0868592697     0.1919466292     0.0626878090     0.5943241573     1.2576691011     4.2062528090    69.3628651685     0.0067290112     0.0312904494     0.0409803371     0.0149648933     0.0206031461     0.0039900787    21.0203370787    30.3444943820   140.3461797753  1404.0589887640     0.1439451685     0.3653092697     0.4387500562     0.1785188764     0.3230050562     0.0910196629     2.9219101124  ]
