y_range =  124.0000000000
y_mu    =   46.9213483146
X_range = [  16.2700000000    28.9000000000   110.2000000000  1888.4000000000     0.0697300000     0.2653500000     0.4028200000     0.1781300000     0.1732000000     0.0470000000     1.6252000000     3.1409000000    12.1270000000   302.0100000000     0.0284630000     0.1280530000     0.1328600000     0.0340960000     0.0525280000     0.0114730000    22.2900000000    32.8700000000   147.1000000000  3394.9000000000     0.1406900000     1.0066900000     1.1460200000     0.2613100000     0.5073000000     0.1524600000     9.6000000000  ]
X_mu    = [  17.5500561798    22.3463483146   115.8067415730   984.7516853933     0.1028524157     0.1442435393     0.1588444382     0.0878471910     0.1931044944     0.0628019663     0.6157000000     1.2751359551     4.3343539326    71.8460112360     0.0068576292     0.0318694270     0.0415870787     0.0152898708     0.0204529326     0.0040568820    21.1815168539    30.2155056180   141.3842134831  1422.6471910112     0.1441764607     0.3698615730     0.4419701685     0.1795232584     0.3229365169     0.0911888202     2.8089887640  ]
