y_range =  124.0000000000
y_mu    =   48.5674157303
X_range = [  14.7800000000    28.9000000000   102.3000000000  1648.4000000000     0.0697300000     0.2653500000     0.4028200000     0.1781300000     0.1732000000     0.0471900000     1.6252000000     3.0541000000    12.1270000000   302.0100000000     0.0284630000     0.1280530000     0.1328600000     0.0339730000     0.0525280000     0.0114730000    22.2900000000    32.8700000000   147.1000000000  3394.9000000000     0.1406900000     1.0066900000     1.0810200000     0.2613100000     0.5073000000     0.1524600000     9.6000000000  ]
X_mu    = [  17.3927528090    22.3185393258   114.7388764045   967.7112359551     0.1029230899     0.1438000562     0.1581785393     0.0871070787     0.1935073034     0.0629264045     0.6042876404     1.2494028090     4.2588988764    70.3240449438     0.0067675225     0.0313136236     0.0415006180     0.0151357809     0.0207155169     0.0039775337    21.0149438202    30.1433146067   140.3576404494  1404.7859550562     0.1444927528     0.3684851685     0.4422089326     0.1798975843     0.3261578652     0.0911408427     2.8365168539  ]
