y_range =  124.0000000000
y_mu    =   46.7977528090
X_range = [  16.2700000000    28.9000000000   110.2000000000  1888.4000000000     0.0697300000     0.2653500000     0.4028200000     0.1808900000     0.1732000000     0.0471900000     1.6252000000     3.0541000000    12.1270000000   302.0100000000     0.0284630000     0.1280530000     0.1328600000     0.0340960000     0.0525280000     0.0114730000    22.2900000000    32.8700000000   147.1000000000  3394.9000000000     0.1406900000     1.0066900000     1.1460200000     0.2613100000     0.5073000000     0.1524600000     9.6000000000  ]
X_mu    = [  17.3867977528    22.4289887640   114.6458426966   966.0235955056     0.1028592697     0.1423003933     0.1566019663     0.0869535393     0.1927674157     0.0626476404     0.5975342697     1.2847775281     4.2112640449    69.2873595506     0.0068279888     0.0309282022     0.0407020787     0.0151085281     0.0207040000     0.0039625674    20.9221910112    30.3902808989   139.6475280899  1389.9471910112     0.1441730899     0.3621402247     0.4348061236     0.1782738764     0.3227606742     0.0904053371     2.9123595506  ]
