y_range =  124.0000000000
y_mu    =   48.0505617978
X_range = [  14.7800000000    28.9000000000   102.3000000000  1638.9000000000     0.0697300000     0.2653500000     0.4028200000     0.1808900000     0.1732000000     0.0471900000     1.6252000000     3.0541000000    12.1270000000   239.3100000000     0.0284630000     0.1280530000     0.1328600000     0.0340960000     0.0525280000     0.0114730000    20.2900000000    32.8700000000   144.2000000000  2918.0000000000     0.1406900000     0.8813900000     1.1460200000     0.2466100000     0.5073000000     0.1179600000     9.6000000000  ]
X_mu    = [  17.3830898876    22.3205056180   114.6302808989   964.5511235955     0.1024622472     0.1405981461     0.1545906742     0.0859868539     0.1927657303     0.0623871910     0.5922775281     1.2721831461     4.1691966292    68.2578651685     0.0067716124     0.0307496629     0.0404239888     0.0149226910     0.0205865843     0.0039385449    20.9393258427    30.2223595506   139.6778089888  1388.7837078652     0.1434905056     0.3556868539     0.4308151124     0.1771755618     0.3241629213     0.0897139888     2.7820224719  ]
