y_range =  124.0000000000
y_mu    =   46.9831460674
X_range = [  16.2700000000    28.9000000000   110.2000000000  1888.4000000000     0.0697300000     0.2653500000     0.4028200000     0.1781300000     0.1732000000     0.0471900000     1.6252000000     3.1409000000    12.1270000000   302.0100000000     0.0284630000     0.1280530000     0.1328600000     0.0340960000     0.0525280000     0.0114730000    22.2900000000    32.8700000000   144.9800000000  3394.9000000000     0.1364900000     1.0066900000     1.1460200000     0.2613100000     0.5073000000     0.1524600000     9.6000000000  ]
X_mu    = [  17.5571348315    22.4272471910   115.8262359551   983.9870786517     0.1022650000     0.1434106742     0.1584571348     0.0879134831     0.1933297753     0.0624912921     0.6106500000     1.2617011236     4.3072921348    71.6428089888     0.0067560000     0.0316094382     0.0414337079     0.0152496854     0.0208170899     0.0039949326    21.1846067416    30.1755617978   141.3815730337  1424.6146067416     0.1430893820     0.3658692135     0.4392954494     0.1794794382     0.3243016854     0.0903447753     2.8696629213  ]
