y_range =  124.0000000000
y_mu    =   46.8314606742
X_range = [  16.2700000000    27.3900000000   110.2000000000  1888.4000000000     0.0697300000     0.2406500000     0.4028200000     0.1808900000     0.1732000000     0.0471900000     1.6252000000     3.1409000000    12.1270000000   239.8100000000     0.0284630000     0.1280530000     0.1328600000     0.0340960000     0.0525280000     0.0114730000    20.2900000000    32.8700000000   144.2000000000  2725.9000000000     0.1406900000     0.8865900000     1.1460200000     0.2613100000     0.5073000000     0.1179600000     9.6000000000  ]
X_mu    = [  17.2984269663    22.2237078652   114.0115168539   955.8702247191     0.1025670225     0.1398921910     0.1526868539     0.0851703371     0.1920342697     0.0624837079     0.5828544944     1.2526179775     4.1062752809    66.3844382022     0.0068086685     0.0308101685     0.0404361798     0.0150734663     0.0205919775     0.0039634213    20.7448876404    29.9341011236   138.3803932584  1361.4264044944     0.1438230899     0.3568885393     0.4278078090     0.1759485955     0.3213280899     0.0900648876     2.8421348315  ]
