y_range =  124.0000000000
y_mu    =   46.2808988764
X_range = [  16.2700000000    28.9000000000   110.2000000000  1888.4000000000     0.0697300000     0.2653500000     0.3999500000     0.1808900000     0.1732000000     0.0471900000     1.6252000000     2.7579000000    12.1270000000   302.0100000000     0.0284630000     0.1280530000     0.1328600000     0.0340960000     0.0498470000     0.0114730000    22.2900000000    32.8700000000   147.1000000000  3394.9000000000     0.1406900000     0.8581600000     1.1088000000     0.2245500000     0.5035000000     0.1151200000     9.6000000000  ]
X_mu    = [  17.3566853933    22.3485955056   114.5309550562   965.8707865169     0.1027923596     0.1428102809     0.1567234831     0.0867484270     0.1924533708     0.0628803933     0.5973073034     1.2628157303     4.2211292135    69.7664044944     0.0067588933     0.0314060337     0.0406846067     0.0149057022     0.0203382584     0.0040035506    21.0530898876    30.4267977528   140.7638764045  1413.0404494382     0.1446337640     0.3692457865     0.4414219101     0.1802823596     0.3246500000     0.0913996629     2.7567415730  ]
