y_range =  122.0000000000
y_mu    =   47.3595505618
X_range = [  16.2700000000    28.9000000000   110.2000000000  1888.4000000000     0.0697300000     0.2653500000     0.4028200000     0.1808900000     0.1732000000     0.0471900000     1.6252000000     2.7579000000    12.1270000000   302.0100000000     0.0284630000     0.1280530000     0.1328600000     0.0340960000     0.0525280000     0.0114730000    22.2900000000    32.8700000000   147.1000000000  3394.9000000000     0.1406900000     1.0066900000     1.1460200000     0.2613100000     0.5073000000     0.1524600000     9.6000000000  ]
X_mu    = [  17.3657303371    22.3105617978   114.5256179775   964.7702247191     0.1026201124     0.1421778652     0.1555881461     0.0861483708     0.1932477528     0.0627987640     0.6012539326     1.2638387640     4.2378370787    69.7991573034     0.0067746067     0.0314010899     0.0408644944     0.0149879157     0.0207114157     0.0040229101    20.9586516854    30.2459550562   139.8531460674  1396.1691011236     0.1437521348     0.3639132584     0.4360470787     0.1782750000     0.3251207865     0.0910648876     2.8039325843  ]
