y_range =  124.0000000000
y_mu    =   46.3876404494
X_range = [  16.2700000000    28.9000000000   110.2000000000  1888.4000000000     0.0697300000     0.2653500000     0.4028200000     0.1808900000     0.1732000000     0.0471900000     1.6252000000     3.1409000000    11.9460000000   302.0100000000     0.0284630000     0.0932530000     0.1328600000     0.0340960000     0.0525280000     0.0114730000    22.2900000000    32.8700000000   147.1000000000  3394.9000000000     0.1406900000     1.0066900000     1.1460200000     0.2613100000     0.5073000000     0.1524600000     9.6000000000  ]
X_mu    = [  17.4550561798    22.1533707865   115.1360674157   975.1365168539     0.1024265169     0.1417802247     0.1549223596     0.0866165730     0.1927634831     0.0625074157     0.6032668539     1.2458258427     4.2361910112    70.2983707865     0.0067141685     0.0300518539     0.0400698315     0.0150094607     0.0204924270     0.0038882528    21.0956179775    29.9764606742   140.7508988764  1413.9842696629     0.1436343258     0.3606008989     0.4328993820     0.1787755618     0.3247337079     0.0904796629     2.9168539326  ]
