y_range =  124.0000000000
y_mu    =   46.1797752809
X_range = [  16.2700000000    27.3900000000   110.2000000000  1888.4000000000     0.0687800000     0.2653500000     0.4028200000     0.1808900000     0.1616000000     0.0471900000     1.6252000000     3.1409000000    12.1270000000   302.0100000000     0.0205040000     0.1280530000     0.1168600000     0.0314260000     0.0525280000     0.0106330000    22.2900000000    32.8700000000   147.1000000000  3394.9000000000     0.1406900000     1.0066900000     1.1460200000     0.2613100000     0.5073000000     0.1524600000     9.6000000000  ]
X_mu    = [  17.4216292135    22.3051123596   114.8960674157   971.8280898876     0.1028565730     0.1419679213     0.1563194944     0.0872856742     0.1932196629     0.0626057865     0.6041067416     1.2803679775     4.2444325843    70.2305617978     0.0066763764     0.0308617978     0.0402623596     0.0150488596     0.0209161348     0.0039270674    20.9969101124    30.2078651685   139.9862921348  1402.2387640449     0.1436416292     0.3633458427     0.4337510674     0.1786437079     0.3245814607     0.0905144382     2.9073033708  ]
