y_range =  124.0000000000
y_mu    =   45.9943820225
X_range = [  16.2700000000    28.9000000000   110.2000000000  1888.4000000000     0.0697300000     0.2653500000     0.4028200000     0.1808900000     0.1732000000     0.0471900000     1.6252000000     3.1409000000    12.1270000000   302.0100000000     0.0284630000     0.1280530000     0.1328600000     0.0340960000     0.0525280000     0.0114730000    22.2900000000    32.8700000000   147.1000000000  3394.9000000000     0.1406900000     1.0066900000     1.1460200000     0.2613100000     0.5073000000     0.1524600000     9.6000000000  ]
X_mu    = [  17.4177528090    22.3053932584   114.9067415730   972.2393258427     0.1029717978     0.1437116854     0.1574085955     0.0870544944     0.1934820225     0.0629024719     0.6094207865     1.2501764045     4.2726460674    71.0990449438     0.0067449382     0.0314132079     0.0407301124     0.0150452697     0.0207436067     0.0040167753    21.0796067416    30.0959550562   140.6042696629  1413.7168539326     0.1446180337     0.3690160674     0.4407656742     0.1797028090     0.3250668539     0.0913639326     2.8353932584  ]
